#============================================================================
# Opacities computed by OpTool        <a^n>=  1.0000E-3  1.0000E-3  1.0000E-3
# Method:   DHS  fmax=  0.000
# Parameters:
#   amin [um]=      0.001 amax [um]=      0.001  na  =    1     apow=   3.5    
#   lmin [um]=      1.000 lmax [um]=     15.000  nlam= 1000     nang=   180
#   porosity =      0.000 p_mantle =      0.000  fmax=  0.0     chop=   0.0
# Composition:
#  Where   mfrac  rho   Material
#  -----   -----  ----  -----------------------------------------------------
#  core    1.000  3.30  /home/jschneider/optool/lnk_data/astrosil-Draine2003.lnk
#  - - -   - - -  -  -  - - - - - - - - - - - - - - - - - - - - - - - - - - -
#  grain   1.000  3.30  mixture of  1 materials
#----------------------------------------------------------------------------
# Command: /home/jschneider/optool/optool -c \
#   /home/jschneider/optool/lnk_data/astrosil-Draine2003.lnk 1.0 -a 0.001 \
#   0.001 3.5 -l 1 15 1000 -mie -o \
#   ../data/dust_models_mie/astrosil_0.001um
#============================================================================
# Standard output file, no scattering matrix
#    iformat
#    nlambda
#    lambda[um]  kabs [cm^2/g]  ksca [cm^2/g]    g_asymmetry
#============================================================================
           3
        1000
   1.000000E+00   7.579637E+02   1.371317E-03   2.639207E-08
   1.002714E+00   7.560446E+02   1.356529E-03  -8.065214E-09
   1.005436E+00   7.541303E+02   1.341900E-03  -4.233619E-08
   1.008165E+00   7.522209E+02   1.327429E-03  -7.642188E-08
   1.010902E+00   7.503164E+02   1.313115E-03  -1.103233E-07
   1.013646E+00   7.484166E+02   1.298954E-03  -1.440413E-07
   1.016398E+00   7.465217E+02   1.284947E-03  -1.775771E-07
   1.019157E+00   7.446316E+02   1.271090E-03  -2.109316E-07
   1.021923E+00   7.427462E+02   1.257383E-03  -2.441057E-07
   1.024697E+00   7.408657E+02   1.243823E-03  -2.771004E-07
   1.027478E+00   7.389899E+02   1.230410E-03  -3.099167E-07
   1.030267E+00   7.371188E+02   1.217142E-03  -3.425556E-07
   1.033064E+00   7.352525E+02   1.204016E-03  -3.750181E-07
   1.035868E+00   7.333909E+02   1.191033E-03  -4.073050E-07
   1.038680E+00   7.315340E+02   1.178189E-03  -4.394173E-07
   1.041499E+00   7.296819E+02   1.165483E-03  -4.713560E-07
   1.044326E+00   7.278344E+02   1.152915E-03  -5.031220E-07
   1.047161E+00   7.259916E+02   1.140482E-03  -5.347163E-07
   1.050004E+00   7.241534E+02   1.128184E-03  -5.661398E-07
   1.052854E+00   7.223200E+02   1.116017E-03  -5.973933E-07
   1.055712E+00   7.204911E+02   1.103983E-03  -6.284778E-07
   1.058577E+00   7.186669E+02   1.092077E-03  -6.593943E-07
   1.061451E+00   7.168473E+02   1.080301E-03  -6.901436E-07
   1.064332E+00   7.150323E+02   1.068651E-03  -7.207267E-07
   1.067221E+00   7.132219E+02   1.057127E-03  -7.511444E-07
   1.070118E+00   7.114161E+02   1.045727E-03  -7.813976E-07
   1.073023E+00   7.096149E+02   1.034450E-03  -8.114873E-07
   1.075936E+00   7.078182E+02   1.023295E-03  -8.414143E-07
   1.078856E+00   7.060261E+02   1.012260E-03  -8.711794E-07
   1.081785E+00   7.042385E+02   1.001344E-03  -9.007836E-07
   1.084721E+00   7.024555E+02   9.905457E-04  -9.302278E-07
   1.087665E+00   7.006769E+02   9.798639E-04  -9.595127E-07
   1.090618E+00   6.989029E+02   9.692972E-04  -9.886393E-07
   1.093578E+00   6.971333E+02   9.588445E-04  -1.017608E-06
   1.096547E+00   6.953683E+02   9.485046E-04  -1.046421E-06
   1.099523E+00   6.936077E+02   9.382761E-04  -1.075078E-06
   1.102508E+00   6.918515E+02   9.281579E-04  -1.103579E-06
   1.105500E+00   6.900998E+02   9.181489E-04  -1.131927E-06
   1.108501E+00   6.883526E+02   9.082478E-04  -1.160121E-06
   1.111510E+00   6.866098E+02   8.984534E-04  -1.188163E-06
   1.114527E+00   6.848713E+02   8.887647E-04  -1.216054E-06
   1.117553E+00   6.831373E+02   8.791805E-04  -1.243793E-06
   1.120586E+00   6.814077E+02   8.696996E-04  -1.271383E-06
   1.123628E+00   6.796825E+02   8.603209E-04  -1.298823E-06
   1.126678E+00   6.779616E+02   8.510434E-04  -1.326115E-06
   1.129736E+00   6.762465E+02   8.418567E-04  -1.353276E-06
   1.132803E+00   6.745360E+02   8.327676E-04  -1.380294E-06
   1.135878E+00   6.728298E+02   8.237767E-04  -1.407165E-06
   1.138961E+00   6.711279E+02   8.148828E-04  -1.433890E-06
   1.142053E+00   6.694304E+02   8.060849E-04  -1.460471E-06
   1.145153E+00   6.677371E+02   7.973820E-04  -1.486909E-06
   1.148261E+00   6.660481E+02   7.887731E-04  -1.513203E-06
   1.151378E+00   6.643634E+02   7.802571E-04  -1.539355E-06
   1.154503E+00   6.626830E+02   7.718330E-04  -1.565365E-06
   1.157637E+00   6.610068E+02   7.634999E-04  -1.591235E-06
   1.160780E+00   6.593348E+02   7.552568E-04  -1.616965E-06
   1.163930E+00   6.576671E+02   7.471027E-04  -1.642555E-06
   1.167090E+00   6.560036E+02   7.390366E-04  -1.668007E-06
   1.170258E+00   6.543443E+02   7.310576E-04  -1.693321E-06
   1.173434E+00   6.526892E+02   7.231647E-04  -1.718499E-06
   1.176620E+00   6.510383E+02   7.153571E-04  -1.743540E-06
   1.179814E+00   6.493915E+02   7.076337E-04  -1.768445E-06
   1.183016E+00   6.477490E+02   6.999938E-04  -1.793216E-06
   1.186227E+00   6.461105E+02   6.924363E-04  -1.817853E-06
   1.189447E+00   6.444763E+02   6.849604E-04  -1.842356E-06
   1.192676E+00   6.428461E+02   6.775652E-04  -1.866727E-06
   1.195913E+00   6.412201E+02   6.702499E-04  -1.890966E-06
   1.199160E+00   6.395982E+02   6.630136E-04  -1.915074E-06
   1.202415E+00   6.379804E+02   6.558553E-04  -1.939052E-06
   1.205679E+00   6.363667E+02   6.487744E-04  -1.962899E-06
   1.208951E+00   6.347571E+02   6.417699E-04  -1.986618E-06
   1.212233E+00   6.331515E+02   6.348411E-04  -2.010208E-06
   1.215523E+00   6.315500E+02   6.279870E-04  -2.033671E-06
   1.218823E+00   6.299526E+02   6.212070E-04  -2.057007E-06
   1.222131E+00   6.283592E+02   6.145001E-04  -2.080216E-06
   1.225449E+00   6.267698E+02   6.078657E-04  -2.103300E-06
   1.228775E+00   6.251845E+02   6.013028E-04  -2.126259E-06
   1.232111E+00   6.236031E+02   5.948109E-04  -2.149094E-06
   1.235455E+00   6.220258E+02   5.883890E-04  -2.171805E-06
   1.238809E+00   6.204524E+02   5.820365E-04  -2.194393E-06
   1.242171E+00   6.189668E+02   5.756978E-04  -2.216981E-06
   1.245543E+00   6.175218E+02   5.694041E-04  -2.239500E-06
   1.248924E+00   6.160802E+02   5.631793E-04  -2.261896E-06
   1.252314E+00   6.146280E+02   5.570806E-04  -2.284039E-06
   1.255713E+00   6.131731E+02   5.510736E-04  -2.306004E-06
   1.259122E+00   6.117217E+02   5.451313E-04  -2.327850E-06
   1.262540E+00   6.102736E+02   5.392532E-04  -2.349579E-06
   1.265967E+00   6.088290E+02   5.334384E-04  -2.371190E-06
   1.269403E+00   6.073879E+02   5.276863E-04  -2.392684E-06
   1.272849E+00   6.059501E+02   5.219962E-04  -2.414062E-06
   1.276304E+00   6.045157E+02   5.163675E-04  -2.435324E-06
   1.279769E+00   6.030848E+02   5.107995E-04  -2.456471E-06
   1.283242E+00   6.016572E+02   5.052915E-04  -2.477504E-06
   1.286726E+00   6.002330E+02   4.998429E-04  -2.498423E-06
   1.290218E+00   5.988122E+02   4.944531E-04  -2.519230E-06
   1.293721E+00   5.973947E+02   4.891214E-04  -2.539923E-06
   1.297232E+00   5.959806E+02   4.838472E-04  -2.560505E-06
   1.300754E+00   5.945698E+02   4.786298E-04  -2.580975E-06
   1.304284E+00   5.931624E+02   4.734687E-04  -2.601335E-06
   1.307825E+00   5.917751E+02   4.683675E-04  -2.621575E-06
   1.311375E+00   5.903960E+02   4.633224E-04  -2.641702E-06
   1.314935E+00   5.890201E+02   4.583316E-04  -2.661721E-06
   1.318504E+00   5.876474E+02   4.533946E-04  -2.681631E-06
   1.322083E+00   5.862780E+02   4.485108E-04  -2.701434E-06
   1.325672E+00   5.849117E+02   4.436796E-04  -2.721130E-06
   1.329270E+00   5.835486E+02   4.389005E-04  -2.740720E-06
   1.332878E+00   5.821887E+02   4.341728E-04  -2.760203E-06
   1.336496E+00   5.808319E+02   4.294960E-04  -2.779582E-06
   1.340124E+00   5.794783E+02   4.248697E-04  -2.798855E-06
   1.343762E+00   5.781279E+02   4.202931E-04  -2.818025E-06
   1.347409E+00   5.767806E+02   4.157659E-04  -2.837090E-06
   1.351067E+00   5.754365E+02   4.112874E-04  -2.856053E-06
   1.354734E+00   5.740955E+02   4.068572E-04  -2.874914E-06
   1.358411E+00   5.727576E+02   4.024746E-04  -2.893672E-06
   1.362099E+00   5.714228E+02   3.981393E-04  -2.912329E-06
   1.365796E+00   5.700912E+02   3.938507E-04  -2.930886E-06
   1.369504E+00   5.687626E+02   3.896083E-04  -2.949342E-06
   1.373221E+00   5.674371E+02   3.854116E-04  -2.967698E-06
   1.376948E+00   5.661148E+02   3.812601E-04  -2.985955E-06
   1.380686E+00   5.648005E+02   3.771364E-04  -3.004160E-06
   1.384434E+00   5.634903E+02   3.730538E-04  -3.022275E-06
   1.388192E+00   5.621831E+02   3.690154E-04  -3.040293E-06
   1.391960E+00   5.608790E+02   3.650207E-04  -3.058212E-06
   1.395738E+00   5.595778E+02   3.610692E-04  -3.076035E-06
   1.399527E+00   5.582798E+02   3.571605E-04  -3.093761E-06
   1.403326E+00   5.569847E+02   3.532941E-04  -3.111391E-06
   1.407135E+00   5.556926E+02   3.494696E-04  -3.128925E-06
   1.410955E+00   5.544035E+02   3.456865E-04  -3.146365E-06
   1.414785E+00   5.531174E+02   3.419443E-04  -3.163710E-06
   1.418625E+00   5.518343E+02   3.382427E-04  -3.180961E-06
   1.422476E+00   5.505542E+02   3.345811E-04  -3.198118E-06
   1.426337E+00   5.492770E+02   3.309592E-04  -3.215182E-06
   1.430209E+00   5.480029E+02   3.273764E-04  -3.232154E-06
   1.434091E+00   5.467316E+02   3.238325E-04  -3.249034E-06
   1.437984E+00   5.454633E+02   3.203269E-04  -3.265822E-06
   1.441887E+00   5.441980E+02   3.168593E-04  -3.282520E-06
   1.445801E+00   5.429356E+02   3.134292E-04  -3.299126E-06
   1.449726E+00   5.416761E+02   3.100362E-04  -3.315643E-06
   1.453661E+00   5.404195E+02   3.066800E-04  -3.332071E-06
   1.457607E+00   5.391659E+02   3.033601E-04  -3.348409E-06
   1.461563E+00   5.379216E+02   3.000857E-04  -3.364630E-06
   1.465531E+00   5.366826E+02   2.968499E-04  -3.380752E-06
   1.469509E+00   5.354463E+02   2.936491E-04  -3.396788E-06
   1.473497E+00   5.342130E+02   2.904828E-04  -3.412737E-06
   1.477497E+00   5.329824E+02   2.873506E-04  -3.428599E-06
   1.481508E+00   5.317547E+02   2.842522E-04  -3.444376E-06
   1.485529E+00   5.305299E+02   2.811871E-04  -3.460067E-06
   1.489562E+00   5.293078E+02   2.781552E-04  -3.475674E-06
   1.493605E+00   5.280886E+02   2.751559E-04  -3.491196E-06
   1.497659E+00   5.268722E+02   2.721890E-04  -3.506635E-06
   1.501725E+00   5.256585E+02   2.692541E-04  -3.521990E-06
   1.505801E+00   5.244477E+02   2.663508E-04  -3.537261E-06
   1.509888E+00   5.232397E+02   2.634788E-04  -3.552451E-06
   1.513987E+00   5.220344E+02   2.606378E-04  -3.567558E-06
   1.518096E+00   5.208319E+02   2.578274E-04  -3.582583E-06
   1.522217E+00   5.196322E+02   2.550474E-04  -3.597527E-06
   1.526349E+00   5.184353E+02   2.522973E-04  -3.612391E-06
   1.530492E+00   5.172411E+02   2.495768E-04  -3.627174E-06
   1.534647E+00   5.160497E+02   2.468857E-04  -3.641877E-06
   1.538812E+00   5.148610E+02   2.442236E-04  -3.656501E-06
   1.542989E+00   5.136750E+02   2.415902E-04  -3.671045E-06
   1.547178E+00   5.124918E+02   2.389853E-04  -3.685511E-06
   1.551378E+00   5.113088E+02   2.364040E-04  -3.699914E-06
   1.555589E+00   5.101246E+02   2.338435E-04  -3.714263E-06
   1.559811E+00   5.089430E+02   2.313106E-04  -3.728535E-06
   1.564045E+00   5.077642E+02   2.288053E-04  -3.742729E-06
   1.568291E+00   5.065881E+02   2.263270E-04  -3.756846E-06
   1.572548E+00   5.054148E+02   2.238756E-04  -3.770887E-06
   1.576816E+00   5.042441E+02   2.214508E-04  -3.784852E-06
   1.581097E+00   5.030762E+02   2.190522E-04  -3.798740E-06
   1.585388E+00   5.019110E+02   2.166796E-04  -3.812554E-06
   1.589692E+00   5.007485E+02   2.143327E-04  -3.826293E-06
   1.594007E+00   4.995887E+02   2.120112E-04  -3.839957E-06
   1.598334E+00   4.984315E+02   2.097149E-04  -3.853547E-06
   1.602672E+00   4.972771E+02   2.074434E-04  -3.867063E-06
   1.607023E+00   4.961253E+02   2.051966E-04  -3.880507E-06
   1.611385E+00   4.949762E+02   2.029740E-04  -3.893877E-06
   1.615759E+00   4.938297E+02   2.007756E-04  -3.907175E-06
   1.620145E+00   4.926859E+02   1.986009E-04  -3.920400E-06
   1.624542E+00   4.915447E+02   1.964498E-04  -3.933554E-06
   1.628952E+00   4.904062E+02   1.943221E-04  -3.946637E-06
   1.633374E+00   4.892704E+02   1.922173E-04  -3.959649E-06
   1.637808E+00   4.881371E+02   1.901354E-04  -3.972590E-06
   1.642253E+00   4.870065E+02   1.880760E-04  -3.985461E-06
   1.646711E+00   4.858785E+02   1.860389E-04  -3.998262E-06
   1.651181E+00   4.847591E+02   1.840237E-04  -4.010994E-06
   1.655663E+00   4.836597E+02   1.820300E-04  -4.023659E-06
   1.660157E+00   4.825627E+02   1.800579E-04  -4.036255E-06
   1.664664E+00   4.814683E+02   1.781072E-04  -4.048783E-06
   1.669182E+00   4.803763E+02   1.761775E-04  -4.061243E-06
   1.673713E+00   4.792868E+02   1.742688E-04  -4.073636E-06
   1.678256E+00   4.781998E+02   1.723808E-04  -4.085961E-06
   1.682812E+00   4.771152E+02   1.705132E-04  -4.098220E-06
   1.687380E+00   4.760331E+02   1.686659E-04  -4.110411E-06
   1.691960E+00   4.749535E+02   1.668386E-04  -4.122537E-06
   1.696553E+00   4.738763E+02   1.650311E-04  -4.134597E-06
   1.701158E+00   4.728016E+02   1.632431E-04  -4.146592E-06
   1.705776E+00   4.717292E+02   1.614745E-04  -4.158522E-06
   1.710406E+00   4.706594E+02   1.597251E-04  -4.170387E-06
   1.715049E+00   4.695919E+02   1.579947E-04  -4.182187E-06
   1.719704E+00   4.685269E+02   1.562830E-04  -4.193924E-06
   1.724372E+00   4.674643E+02   1.545898E-04  -4.205597E-06
   1.729053E+00   4.664040E+02   1.529150E-04  -4.217206E-06
   1.733746E+00   4.653462E+02   1.512583E-04  -4.228753E-06
   1.738452E+00   4.642908E+02   1.496196E-04  -4.240237E-06
   1.743171E+00   4.632378E+02   1.479986E-04  -4.251659E-06
   1.747903E+00   4.621872E+02   1.463952E-04  -4.263019E-06
   1.752648E+00   4.611390E+02   1.448091E-04  -4.274317E-06
   1.757405E+00   4.600931E+02   1.432403E-04  -4.285554E-06
   1.762175E+00   4.590496E+02   1.416884E-04  -4.296730E-06
   1.766959E+00   4.580085E+02   1.401534E-04  -4.307845E-06
   1.771755E+00   4.569778E+02   1.386345E-04  -4.318903E-06
   1.776564E+00   4.560111E+02   1.371284E-04  -4.329917E-06
   1.781387E+00   4.550465E+02   1.356386E-04  -4.340872E-06
   1.786222E+00   4.540839E+02   1.341650E-04  -4.351767E-06
   1.791071E+00   4.531233E+02   1.327075E-04  -4.362603E-06
   1.795932E+00   4.521648E+02   1.312658E-04  -4.373380E-06
   1.800807E+00   4.512083E+02   1.298397E-04  -4.384099E-06
   1.805696E+00   4.502538E+02   1.284291E-04  -4.394759E-06
   1.810597E+00   4.493014E+02   1.270339E-04  -4.405361E-06
   1.815512E+00   4.483509E+02   1.256538E-04  -4.415906E-06
   1.820440E+00   4.474025E+02   1.242887E-04  -4.426394E-06
   1.825381E+00   4.464561E+02   1.229385E-04  -4.436824E-06
   1.830336E+00   4.455117E+02   1.216029E-04  -4.447198E-06
   1.835305E+00   4.445692E+02   1.202818E-04  -4.457516E-06
   1.840286E+00   4.436288E+02   1.189751E-04  -4.467777E-06
   1.845282E+00   4.426904E+02   1.176825E-04  -4.477983E-06
   1.850291E+00   4.417539E+02   1.164040E-04  -4.488133E-06
   1.855313E+00   4.408194E+02   1.151394E-04  -4.498228E-06
   1.860349E+00   4.398869E+02   1.138886E-04  -4.508268E-06
   1.865399E+00   4.389564E+02   1.126513E-04  -4.518254E-06
   1.870463E+00   4.380278E+02   1.114275E-04  -4.528186E-06
   1.875540E+00   4.371012E+02   1.102169E-04  -4.538063E-06
   1.880631E+00   4.361766E+02   1.090196E-04  -4.547887E-06
   1.885736E+00   4.352539E+02   1.078352E-04  -4.557658E-06
   1.890854E+00   4.343332E+02   1.066637E-04  -4.567375E-06
   1.895987E+00   4.334144E+02   1.055049E-04  -4.577040E-06
   1.901134E+00   4.324976E+02   1.043587E-04  -4.586652E-06
   1.906294E+00   4.315827E+02   1.032249E-04  -4.596212E-06
   1.911469E+00   4.306891E+02   1.021040E-04  -4.605717E-06
   1.916657E+00   4.298030E+02   1.009954E-04  -4.615171E-06
   1.921860E+00   4.289186E+02   9.989886E-05  -4.624572E-06
   1.927077E+00   4.280361E+02   9.881420E-05  -4.633923E-06
   1.932308E+00   4.271554E+02   9.774132E-05  -4.643223E-06
   1.937553E+00   4.262766E+02   9.668009E-05  -4.652473E-06
   1.942812E+00   4.253995E+02   9.563038E-05  -4.661672E-06
   1.948086E+00   4.245242E+02   9.459206E-05  -4.670821E-06
   1.953374E+00   4.236507E+02   9.356503E-05  -4.679921E-06
   1.958676E+00   4.227791E+02   9.254914E-05  -4.688971E-06
   1.963993E+00   4.219092E+02   9.154428E-05  -4.697972E-06
   1.969324E+00   4.210411E+02   9.055033E-05  -4.706924E-06
   1.974669E+00   4.201748E+02   8.956718E-05  -4.715828E-06
   1.980030E+00   4.193103E+02   8.859470E-05  -4.724683E-06
   1.985404E+00   4.184475E+02   8.763278E-05  -4.733490E-06
   1.990793E+00   4.175866E+02   8.668130E-05  -4.742249E-06
   1.996197E+00   4.167274E+02   8.574015E-05  -4.750961E-06
   2.001616E+00   4.158700E+02   8.480923E-05  -4.759625E-06
   2.007049E+00   4.150143E+02   8.388840E-05  -4.768243E-06
   2.012497E+00   4.141604E+02   8.297758E-05  -4.776813E-06
   2.017960E+00   4.133082E+02   8.207665E-05  -4.785337E-06
   2.023438E+00   4.124578E+02   8.118550E-05  -4.793815E-06
   2.028930E+00   4.116092E+02   8.030402E-05  -4.802247E-06
   2.034438E+00   4.107623E+02   7.943212E-05  -4.810633E-06
   2.039960E+00   4.099171E+02   7.856968E-05  -4.818973E-06
   2.045497E+00   4.090737E+02   7.771661E-05  -4.827268E-06
   2.051050E+00   4.082320E+02   7.687280E-05  -4.835518E-06
   2.056617E+00   4.073921E+02   7.603815E-05  -4.843723E-06
   2.062200E+00   4.065539E+02   7.521256E-05  -4.851884E-06
   2.067797E+00   4.057194E+02   7.439521E-05  -4.860005E-06
   2.073410E+00   4.048927E+02   7.358457E-05  -4.868095E-06
   2.079038E+00   4.040677E+02   7.278277E-05  -4.876141E-06
   2.084682E+00   4.032444E+02   7.198970E-05  -4.884143E-06
   2.090341E+00   4.024228E+02   7.120527E-05  -4.892102E-06
   2.096015E+00   4.016028E+02   7.042939E-05  -4.900017E-06
   2.101704E+00   4.007846E+02   6.966197E-05  -4.907889E-06
   2.107409E+00   3.999679E+02   6.890290E-05  -4.915719E-06
   2.113130E+00   3.991530E+02   6.815211E-05  -4.923505E-06
   2.118865E+00   3.983397E+02   6.740950E-05  -4.931250E-06
   2.124617E+00   3.975436E+02   6.667381E-05  -4.938960E-06
   2.130384E+00   3.967667E+02   6.594485E-05  -4.946636E-06
   2.136167E+00   3.959913E+02   6.522385E-05  -4.954271E-06
   2.141965E+00   3.952175E+02   6.451074E-05  -4.961864E-06
   2.147780E+00   3.944451E+02   6.380542E-05  -4.969415E-06
   2.153610E+00   3.936743E+02   6.310781E-05  -4.976926E-06
   2.159456E+00   3.929050E+02   6.241783E-05  -4.984395E-06
   2.165317E+00   3.921371E+02   6.173540E-05  -4.991824E-06
   2.171195E+00   3.913708E+02   6.106042E-05  -4.999212E-06
   2.177088E+00   3.906060E+02   6.039283E-05  -5.006560E-06
   2.182998E+00   3.898426E+02   5.973253E-05  -5.013868E-06
   2.188924E+00   3.890808E+02   5.907945E-05  -5.021135E-06
   2.194865E+00   3.883204E+02   5.843351E-05  -5.028364E-06
   2.200823E+00   3.875607E+02   5.779513E-05  -5.035549E-06
   2.206797E+00   3.867981E+02   5.716626E-05  -5.042678E-06
   2.212787E+00   3.860370E+02   5.654424E-05  -5.049768E-06
   2.218794E+00   3.852774E+02   5.592898E-05  -5.056819E-06
   2.224817E+00   3.845193E+02   5.532042E-05  -5.063832E-06
   2.230856E+00   3.837627E+02   5.471848E-05  -5.070806E-06
   2.236911E+00   3.830076E+02   5.412309E-05  -5.077743E-06
   2.242983E+00   3.822539E+02   5.353418E-05  -5.084642E-06
   2.249072E+00   3.815018E+02   5.295167E-05  -5.091504E-06
   2.255177E+00   3.807532E+02   5.237510E-05  -5.098331E-06
   2.261298E+00   3.800182E+02   5.180250E-05  -5.105138E-06
   2.267436E+00   3.792846E+02   5.123617E-05  -5.111908E-06
   2.273591E+00   3.785525E+02   5.067603E-05  -5.118641E-06
   2.279763E+00   3.778217E+02   5.012201E-05  -5.125337E-06
   2.285951E+00   3.770924E+02   4.957404E-05  -5.131997E-06
   2.292156E+00   3.763644E+02   4.903207E-05  -5.138620E-06
   2.298378E+00   3.756379E+02   4.849602E-05  -5.145207E-06
   2.304617E+00   3.749127E+02   4.796584E-05  -5.151759E-06
   2.310872E+00   3.741890E+02   4.744144E-05  -5.158274E-06
   2.317145E+00   3.734666E+02   4.692279E-05  -5.164754E-06
   2.323435E+00   3.727457E+02   4.640980E-05  -5.171199E-06
   2.329742E+00   3.720261E+02   4.590242E-05  -5.177609E-06
   2.336066E+00   3.713079E+02   4.540058E-05  -5.183983E-06
   2.342407E+00   3.705911E+02   4.490423E-05  -5.190323E-06
   2.348765E+00   3.698757E+02   4.441331E-05  -5.196628E-06
   2.355141E+00   3.691617E+02   4.392776E-05  -5.202899E-06
   2.361534E+00   3.684491E+02   4.344751E-05  -5.209136E-06
   2.367944E+00   3.677378E+02   4.297251E-05  -5.215338E-06
   2.374371E+00   3.670279E+02   4.250271E-05  -5.221507E-06
   2.380817E+00   3.663193E+02   4.203804E-05  -5.227642E-06
   2.387279E+00   3.656122E+02   4.157845E-05  -5.233744E-06
   2.393759E+00   3.649064E+02   4.112389E-05  -5.239812E-06
   2.400257E+00   3.642019E+02   4.067429E-05  -5.245848E-06
   2.406772E+00   3.634989E+02   4.022961E-05  -5.251850E-06
   2.413305E+00   3.627971E+02   3.978979E-05  -5.257820E-06
   2.419856E+00   3.620968E+02   3.935478E-05  -5.263757E-06
   2.426425E+00   3.614040E+02   3.892317E-05  -5.269673E-06
   2.433011E+00   3.607230E+02   3.849410E-05  -5.275576E-06
   2.439615E+00   3.600432E+02   3.806976E-05  -5.281446E-06
   2.446237E+00   3.593647E+02   3.765009E-05  -5.287284E-06
   2.452878E+00   3.586875E+02   3.723505E-05  -5.293089E-06
   2.459536E+00   3.580115E+02   3.682458E-05  -5.298863E-06
   2.466212E+00   3.573368E+02   3.641864E-05  -5.304606E-06
   2.472906E+00   3.566634E+02   3.601717E-05  -5.310317E-06
   2.479619E+00   3.559912E+02   3.562013E-05  -5.315996E-06
   2.486350E+00   3.553490E+02   3.522865E-05  -5.321635E-06
   2.493099E+00   3.547082E+02   3.484147E-05  -5.327242E-06
   2.499866E+00   3.540685E+02   3.445856E-05  -5.332818E-06
   2.506652E+00   3.534300E+02   3.407985E-05  -5.338365E-06
   2.513456E+00   3.527927E+02   3.370530E-05  -5.343880E-06
   2.520279E+00   3.521564E+02   3.333487E-05  -5.349366E-06
   2.527120E+00   3.515214E+02   3.296851E-05  -5.354821E-06
   2.533980E+00   3.508874E+02   3.260617E-05  -5.360247E-06
   2.540858E+00   3.502547E+02   3.224782E-05  -5.365643E-06
   2.547755E+00   3.496230E+02   3.189340E-05  -5.371009E-06
   2.554671E+00   3.489925E+02   3.154288E-05  -5.376347E-06
   2.561605E+00   3.483631E+02   3.119621E-05  -5.381654E-06
   2.568558E+00   3.477349E+02   3.085335E-05  -5.386933E-06
   2.575531E+00   3.471078E+02   3.051426E-05  -5.392183E-06
   2.582522E+00   3.464818E+02   3.017889E-05  -5.397405E-06
   2.589532E+00   3.458569E+02   2.984721E-05  -5.402597E-06
   2.596561E+00   3.452332E+02   2.951918E-05  -5.407761E-06
   2.603609E+00   3.446106E+02   2.919474E-05  -5.412897E-06
   2.610676E+00   3.439891E+02   2.887388E-05  -5.418005E-06
   2.617763E+00   3.433688E+02   2.855654E-05  -5.423085E-06
   2.624869E+00   3.427495E+02   2.824269E-05  -5.428137E-06
   2.631994E+00   3.421314E+02   2.793228E-05  -5.433162E-06
   2.639138E+00   3.415143E+02   2.762529E-05  -5.438159E-06
   2.646302E+00   3.408984E+02   2.732167E-05  -5.443129E-06
   2.653485E+00   3.402836E+02   2.702139E-05  -5.448071E-06
   2.660688E+00   3.396699E+02   2.672441E-05  -5.452987E-06
   2.667910E+00   3.390573E+02   2.643069E-05  -5.457875E-06
   2.675152E+00   3.384458E+02   2.614020E-05  -5.462737E-06
   2.682414E+00   3.378355E+02   2.585290E-05  -5.467572E-06
   2.689695E+00   3.372262E+02   2.556876E-05  -5.472381E-06
   2.696996E+00   3.366180E+02   2.528774E-05  -5.477163E-06
   2.704317E+00   3.360109E+02   2.500981E-05  -5.481919E-06
   2.711657E+00   3.354049E+02   2.473493E-05  -5.486650E-06
   2.719018E+00   3.348000E+02   2.446308E-05  -5.491354E-06
   2.726399E+00   3.341961E+02   2.419421E-05  -5.496032E-06
   2.733799E+00   3.335934E+02   2.392830E-05  -5.500685E-06
   2.741220E+00   3.329917E+02   2.366531E-05  -5.505313E-06
   2.748661E+00   3.323912E+02   2.340520E-05  -5.509915E-06
   2.756122E+00   3.317968E+02   2.314766E-05  -5.514496E-06
   2.763603E+00   3.312397E+02   2.289084E-05  -5.519074E-06
   2.771105E+00   3.306835E+02   2.263686E-05  -5.523627E-06
   2.778627E+00   3.301283E+02   2.238571E-05  -5.528155E-06
   2.786169E+00   3.295740E+02   2.213733E-05  -5.532659E-06
   2.793732E+00   3.290206E+02   2.189172E-05  -5.537137E-06
   2.801316E+00   3.284682E+02   2.164882E-05  -5.541591E-06
   2.808920E+00   3.279166E+02   2.140862E-05  -5.546020E-06
   2.816544E+00   3.273660E+02   2.117109E-05  -5.550425E-06
   2.824190E+00   3.268163E+02   2.093619E-05  -5.554806E-06
   2.831856E+00   3.262675E+02   2.070389E-05  -5.559162E-06
   2.839543E+00   3.257197E+02   2.047417E-05  -5.563495E-06
   2.847250E+00   3.251727E+02   2.024700E-05  -5.567804E-06
   2.854979E+00   3.246267E+02   2.002235E-05  -5.572089E-06
   2.862729E+00   3.240816E+02   1.980019E-05  -5.576350E-06
   2.870499E+00   3.235374E+02   1.958050E-05  -5.580588E-06
   2.878291E+00   3.229941E+02   1.936324E-05  -5.584803E-06
   2.886104E+00   3.224517E+02   1.914839E-05  -5.588994E-06
   2.893938E+00   3.219103E+02   1.893592E-05  -5.593162E-06
   2.901794E+00   3.213697E+02   1.872582E-05  -5.597308E-06
   2.909670E+00   3.208300E+02   1.851804E-05  -5.601430E-06
   2.917569E+00   3.202912E+02   1.831256E-05  -5.605530E-06
   2.925488E+00   3.197534E+02   1.810937E-05  -5.609608E-06
   2.933429E+00   3.192164E+02   1.790843E-05  -5.613663E-06
   2.941392E+00   3.186803E+02   1.770972E-05  -5.617695E-06
   2.949376E+00   3.181452E+02   1.751321E-05  -5.621706E-06
   2.957382E+00   3.176109E+02   1.731888E-05  -5.625694E-06
   2.965410E+00   3.170775E+02   1.712671E-05  -5.629660E-06
   2.973459E+00   3.165450E+02   1.693667E-05  -5.633605E-06
   2.981530E+00   3.160134E+02   1.674873E-05  -5.637528E-06
   2.989623E+00   3.154827E+02   1.656289E-05  -5.641429E-06
   2.997739E+00   3.149528E+02   1.637910E-05  -5.645309E-06
   3.005876E+00   3.144239E+02   1.619735E-05  -5.649167E-06
   3.014035E+00   3.138958E+02   1.601762E-05  -5.653004E-06
   3.022216E+00   3.133687E+02   1.583988E-05  -5.656820E-06
   3.030420E+00   3.128424E+02   1.566411E-05  -5.660615E-06
   3.038646E+00   3.123170E+02   1.549030E-05  -5.664390E-06
   3.046894E+00   3.117924E+02   1.531841E-05  -5.668143E-06
   3.055165E+00   3.112688E+02   1.514842E-05  -5.671876E-06
   3.063458E+00   3.107460E+02   1.498033E-05  -5.675588E-06
   3.071773E+00   3.102241E+02   1.481409E-05  -5.679280E-06
   3.080112E+00   3.097030E+02   1.464971E-05  -5.682951E-06
   3.088472E+00   3.091828E+02   1.448714E-05  -5.686602E-06
   3.096856E+00   3.086635E+02   1.432638E-05  -5.690233E-06
   3.105262E+00   3.082078E+02   1.416684E-05  -5.693853E-06
   3.113691E+00   3.077830E+02   1.400880E-05  -5.697456E-06
   3.122143E+00   3.073589E+02   1.385253E-05  -5.701039E-06
   3.130618E+00   3.069353E+02   1.369799E-05  -5.704602E-06
   3.139116E+00   3.065123E+02   1.354518E-05  -5.708146E-06
   3.147637E+00   3.060899E+02   1.339408E-05  -5.711670E-06
   3.156181E+00   3.056680E+02   1.324466E-05  -5.715175E-06
   3.164748E+00   3.052467E+02   1.309690E-05  -5.718661E-06
   3.173338E+00   3.048260E+02   1.295079E-05  -5.722127E-06
   3.181952E+00   3.044059E+02   1.280632E-05  -5.725574E-06
   3.190589E+00   3.039863E+02   1.266345E-05  -5.729002E-06
   3.199250E+00   3.035674E+02   1.252218E-05  -5.732411E-06
   3.207934E+00   3.031490E+02   1.238248E-05  -5.735801E-06
   3.216642E+00   3.027311E+02   1.224434E-05  -5.739173E-06
   3.225373E+00   3.023138E+02   1.210774E-05  -5.742525E-06
   3.234129E+00   3.018972E+02   1.197266E-05  -5.745860E-06
   3.242907E+00   3.014810E+02   1.183909E-05  -5.749176E-06
   3.251710E+00   3.010655E+02   1.170701E-05  -5.752473E-06
   3.260537E+00   3.006505E+02   1.157640E-05  -5.755753E-06
   3.269387E+00   3.002003E+02   1.144673E-05  -5.759022E-06
   3.278262E+00   2.997389E+02   1.131833E-05  -5.762275E-06
   3.287160E+00   2.992783E+02   1.119138E-05  -5.765511E-06
   3.296083E+00   2.988183E+02   1.106585E-05  -5.768728E-06
   3.305030E+00   2.983591E+02   1.094173E-05  -5.771928E-06
   3.314001E+00   2.979005E+02   1.081900E-05  -5.775110E-06
   3.322997E+00   2.974427E+02   1.069764E-05  -5.778274E-06
   3.332017E+00   2.969855E+02   1.057764E-05  -5.781421E-06
   3.341062E+00   2.965290E+02   1.045899E-05  -5.784551E-06
   3.350131E+00   2.960733E+02   1.034167E-05  -5.787663E-06
   3.359225E+00   2.956182E+02   1.022567E-05  -5.790757E-06
   3.368343E+00   2.951638E+02   1.011096E-05  -5.793835E-06
   3.377486E+00   2.947101E+02   9.997540E-06  -5.796896E-06
   3.386654E+00   2.942571E+02   9.885391E-06  -5.799939E-06
   3.395847E+00   2.938048E+02   9.774500E-06  -5.802966E-06
   3.405065E+00   2.933391E+02   9.664547E-06  -5.805981E-06
   3.414308E+00   2.928518E+02   9.555356E-06  -5.808987E-06
   3.423576E+00   2.923654E+02   9.447398E-06  -5.811976E-06
   3.432869E+00   2.918797E+02   9.340657E-06  -5.814949E-06
   3.442187E+00   2.913949E+02   9.235122E-06  -5.817905E-06
   3.451531E+00   2.909108E+02   9.130778E-06  -5.820844E-06
   3.460899E+00   2.904276E+02   9.027611E-06  -5.823768E-06
   3.470294E+00   2.899451E+02   8.925608E-06  -5.826675E-06
   3.479714E+00   2.894634E+02   8.824757E-06  -5.829565E-06
   3.489159E+00   2.889825E+02   8.725045E-06  -5.832440E-06
   3.498630E+00   2.885024E+02   8.626457E-06  -5.835299E-06
   3.508127E+00   2.880231E+02   8.528983E-06  -5.838142E-06
   3.517650E+00   2.875446E+02   8.432609E-06  -5.840969E-06
   3.527198E+00   2.870669E+02   8.337322E-06  -5.843780E-06
   3.536773E+00   2.865899E+02   8.243111E-06  -5.846576E-06
   3.546373E+00   2.861137E+02   8.149964E-06  -5.849356E-06
   3.555999E+00   2.856383E+02   8.057868E-06  -5.852120E-06
   3.565652E+00   2.851637E+02   7.966811E-06  -5.854869E-06
   3.575331E+00   2.846899E+02   7.876783E-06  -5.857603E-06
   3.585036E+00   2.842168E+02   7.787771E-06  -5.860322E-06
   3.594767E+00   2.837446E+02   7.699763E-06  -5.863026E-06
   3.604525E+00   2.832731E+02   7.612749E-06  -5.865714E-06
   3.614309E+00   2.828023E+02   7.526717E-06  -5.868388E-06
   3.624120E+00   2.823324E+02   7.441657E-06  -5.871046E-06
   3.633957E+00   2.818632E+02   7.357556E-06  -5.873690E-06
   3.643821E+00   2.813948E+02   7.274406E-06  -5.876319E-06
   3.653712E+00   2.809280E+02   7.191609E-06  -5.878945E-06
   3.663630E+00   2.804623E+02   7.109529E-06  -5.881560E-06
   3.673575E+00   2.799973E+02   7.028385E-06  -5.884161E-06
   3.683547E+00   2.795331E+02   6.948165E-06  -5.886747E-06
   3.693545E+00   2.790697E+02   6.868859E-06  -5.889318E-06
   3.703571E+00   2.786070E+02   6.790457E-06  -5.891876E-06
   3.713624E+00   2.781451E+02   6.712948E-06  -5.894418E-06
   3.723705E+00   2.776839E+02   6.636323E-06  -5.896947E-06
   3.733812E+00   2.772234E+02   6.560570E-06  -5.899461E-06
   3.743948E+00   2.767638E+02   6.485681E-06  -5.901962E-06
   3.754110E+00   2.763048E+02   6.411646E-06  -5.904448E-06
   3.764301E+00   2.758466E+02   6.338454E-06  -5.906921E-06
   3.774519E+00   2.753892E+02   6.266097E-06  -5.909379E-06
   3.784764E+00   2.749325E+02   6.194564E-06  -5.911824E-06
   3.795038E+00   2.744766E+02   6.123846E-06  -5.914255E-06
   3.805339E+00   2.740213E+02   6.053935E-06  -5.916673E-06
   3.815669E+00   2.735669E+02   5.984820E-06  -5.919077E-06
   3.826026E+00   2.731131E+02   5.916493E-06  -5.921467E-06
   3.836412E+00   2.726602E+02   5.848945E-06  -5.923844E-06
   3.846825E+00   2.722079E+02   5.782167E-06  -5.926208E-06
   3.857267E+00   2.717564E+02   5.716150E-06  -5.928559E-06
   3.867738E+00   2.713056E+02   5.650885E-06  -5.930896E-06
   3.878236E+00   2.708606E+02   5.586073E-06  -5.933227E-06
   3.888764E+00   2.704254E+02   5.521482E-06  -5.935556E-06
   3.899319E+00   2.699908E+02   5.457636E-06  -5.937871E-06
   3.909904E+00   2.695570E+02   5.394526E-06  -5.940174E-06
   3.920517E+00   2.691238E+02   5.332145E-06  -5.942463E-06
   3.931159E+00   2.686913E+02   5.270483E-06  -5.944740E-06
   3.941830E+00   2.682595E+02   5.209532E-06  -5.947004E-06
   3.952530E+00   2.678283E+02   5.149284E-06  -5.949255E-06
   3.963259E+00   2.673979E+02   5.089732E-06  -5.951493E-06
   3.974017E+00   2.669681E+02   5.030866E-06  -5.953719E-06
   3.984804E+00   2.665389E+02   4.972680E-06  -5.955932E-06
   3.995620E+00   2.661105E+02   4.915165E-06  -5.958132E-06
   4.006466E+00   2.656827E+02   4.858313E-06  -5.960321E-06
   4.017342E+00   2.652555E+02   4.802118E-06  -5.962497E-06
   4.028246E+00   2.648291E+02   4.746570E-06  -5.964660E-06
   4.039181E+00   2.644033E+02   4.691664E-06  -5.966812E-06
   4.050145E+00   2.639781E+02   4.637392E-06  -5.968951E-06
   4.061139E+00   2.635536E+02   4.583745E-06  -5.971078E-06
   4.072162E+00   2.631298E+02   4.530718E-06  -5.973193E-06
   4.083216E+00   2.627067E+02   4.478302E-06  -5.975296E-06
   4.094300E+00   2.622842E+02   4.426492E-06  -5.977388E-06
   4.105413E+00   2.618624E+02   4.375279E-06  -5.979467E-06
   4.116557E+00   2.614412E+02   4.324658E-06  -5.981535E-06
   4.127732E+00   2.610207E+02   4.274621E-06  -5.983591E-06
   4.138936E+00   2.605785E+02   4.224729E-06  -5.985646E-06
   4.150171E+00   2.601186E+02   4.175066E-06  -5.987698E-06
   4.161436E+00   2.596595E+02   4.125984E-06  -5.989738E-06
   4.172732E+00   2.592011E+02   4.077477E-06  -5.991767E-06
   4.184059E+00   2.587436E+02   4.029538E-06  -5.993784E-06
   4.195416E+00   2.582868E+02   3.982161E-06  -5.995789E-06
   4.206804E+00   2.578308E+02   3.935338E-06  -5.997783E-06
   4.218224E+00   2.573755E+02   3.889064E-06  -5.999766E-06
   4.229674E+00   2.569211E+02   3.843332E-06  -6.001737E-06
   4.241155E+00   2.564674E+02   3.798136E-06  -6.003697E-06
   4.252667E+00   2.560145E+02   3.753469E-06  -6.005646E-06
   4.264211E+00   2.555623E+02   3.709326E-06  -6.007584E-06
   4.275786E+00   2.551110E+02   3.665699E-06  -6.009511E-06
   4.287392E+00   2.546603E+02   3.622584E-06  -6.011427E-06
   4.299030E+00   2.542105E+02   3.579974E-06  -6.013332E-06
   4.310699E+00   2.537614E+02   3.537863E-06  -6.015226E-06
   4.322401E+00   2.533131E+02   3.496246E-06  -6.017109E-06
   4.334133E+00   2.528656E+02   3.455117E-06  -6.018982E-06
   4.345898E+00   2.524188E+02   3.414469E-06  -6.020843E-06
   4.357695E+00   2.519727E+02   3.374298E-06  -6.022695E-06
   4.369523E+00   2.515275E+02   3.334597E-06  -6.024535E-06
   4.381384E+00   2.510829E+02   3.295362E-06  -6.026366E-06
   4.393277E+00   2.506392E+02   3.256587E-06  -6.028186E-06
   4.405203E+00   2.501962E+02   3.218266E-06  -6.029995E-06
   4.417160E+00   2.497539E+02   3.180395E-06  -6.031794E-06
   4.429150E+00   2.493189E+02   3.142881E-06  -6.033586E-06
   4.441173E+00   2.489458E+02   3.105004E-06  -6.035389E-06
   4.453228E+00   2.485733E+02   3.067582E-06  -6.037183E-06
   4.465316E+00   2.482012E+02   3.030607E-06  -6.038966E-06
   4.477437E+00   2.478296E+02   2.994076E-06  -6.040738E-06
   4.489591E+00   2.474586E+02   2.957982E-06  -6.042501E-06
   4.501778E+00   2.470880E+02   2.922321E-06  -6.044253E-06
   4.513997E+00   2.467180E+02   2.887086E-06  -6.045995E-06
   4.526250E+00   2.463484E+02   2.852275E-06  -6.047727E-06
   4.538537E+00   2.459794E+02   2.817880E-06  -6.049449E-06
   4.550856E+00   2.456109E+02   2.783898E-06  -6.051161E-06
   4.563209E+00   2.452429E+02   2.750322E-06  -6.052863E-06
   4.575596E+00   2.448753E+02   2.717150E-06  -6.054555E-06
   4.588016E+00   2.445083E+02   2.684375E-06  -6.056238E-06
   4.600470E+00   2.441418E+02   2.651993E-06  -6.057911E-06
   4.612957E+00   2.437758E+02   2.619999E-06  -6.059574E-06
   4.625479E+00   2.434103E+02   2.588388E-06  -6.061227E-06
   4.638035E+00   2.430453E+02   2.557157E-06  -6.062871E-06
   4.650624E+00   2.426808E+02   2.526300E-06  -6.064506E-06
   4.663248E+00   2.423168E+02   2.495814E-06  -6.066131E-06
   4.675906E+00   2.419533E+02   2.465693E-06  -6.067746E-06
   4.688599E+00   2.415903E+02   2.435933E-06  -6.069353E-06
   4.701326E+00   2.412278E+02   2.406530E-06  -6.070950E-06
   4.714087E+00   2.408657E+02   2.377480E-06  -6.072537E-06
   4.726883E+00   2.405042E+02   2.348778E-06  -6.074116E-06
   4.739714E+00   2.401432E+02   2.320421E-06  -6.075685E-06
   4.752580E+00   2.397827E+02   2.292404E-06  -6.077246E-06
   4.765480E+00   2.394227E+02   2.264723E-06  -6.078797E-06
   4.778416E+00   2.391350E+02   2.236790E-06  -6.080359E-06
   4.791387E+00   2.388706E+02   2.209014E-06  -6.081917E-06
   4.804392E+00   2.386064E+02   2.181579E-06  -6.083466E-06
   4.817434E+00   2.383424E+02   2.154482E-06  -6.085006E-06
   4.830510E+00   2.380787E+02   2.127718E-06  -6.086538E-06
   4.843622E+00   2.378152E+02   2.101284E-06  -6.088060E-06
   4.856770E+00   2.375519E+02   2.075175E-06  -6.089573E-06
   4.869954E+00   2.372888E+02   2.049387E-06  -6.091077E-06
   4.883173E+00   2.370259E+02   2.023917E-06  -6.092572E-06
   4.896428E+00   2.367633E+02   1.998760E-06  -6.094059E-06
   4.909719E+00   2.365008E+02   1.973913E-06  -6.095537E-06
   4.923046E+00   2.362386E+02   1.949373E-06  -6.097006E-06
   4.936409E+00   2.359766E+02   1.925134E-06  -6.098466E-06
   4.949809E+00   2.357148E+02   1.901194E-06  -6.099918E-06
   4.963245E+00   2.354533E+02   1.877548E-06  -6.101362E-06
   4.976717E+00   2.351919E+02   1.854194E-06  -6.102797E-06
   4.990226E+00   2.349308E+02   1.831128E-06  -6.104223E-06
   5.003772E+00   2.346929E+02   1.808222E-06  -6.105646E-06
   5.017354E+00   2.345026E+02   1.785345E-06  -6.107069E-06
   5.030974E+00   2.343124E+02   1.762754E-06  -6.108484E-06
   5.044630E+00   2.341223E+02   1.740446E-06  -6.109890E-06
   5.058323E+00   2.339322E+02   1.718417E-06  -6.111288E-06
   5.072054E+00   2.337422E+02   1.696663E-06  -6.112678E-06
   5.085822E+00   2.335523E+02   1.675182E-06  -6.114060E-06
   5.099627E+00   2.333624E+02   1.653970E-06  -6.115433E-06
   5.113469E+00   2.331726E+02   1.633022E-06  -6.116798E-06
   5.127350E+00   2.329828E+02   1.612338E-06  -6.118155E-06
   5.141267E+00   2.327931E+02   1.591912E-06  -6.119504E-06
   5.155223E+00   2.326035E+02   1.571741E-06  -6.120845E-06
   5.169217E+00   2.324453E+02   1.551691E-06  -6.122183E-06
   5.183248E+00   2.323924E+02   1.531453E-06  -6.123530E-06
   5.197318E+00   2.323393E+02   1.511474E-06  -6.124869E-06
   5.211425E+00   2.322862E+02   1.491753E-06  -6.126200E-06
   5.225572E+00   2.322329E+02   1.472284E-06  -6.127523E-06
   5.239756E+00   2.321794E+02   1.453066E-06  -6.128838E-06
   5.253979E+00   2.321259E+02   1.434094E-06  -6.130145E-06
   5.268241E+00   2.320723E+02   1.415367E-06  -6.131444E-06
   5.282541E+00   2.320185E+02   1.396880E-06  -6.132735E-06
   5.296880E+00   2.319646E+02   1.378630E-06  -6.134018E-06
   5.311258E+00   2.319106E+02   1.360616E-06  -6.135294E-06
   5.325675E+00   2.318565E+02   1.342832E-06  -6.136562E-06
   5.340131E+00   2.318022E+02   1.325278E-06  -6.137822E-06
   5.354627E+00   2.317479E+02   1.307950E-06  -6.139075E-06
   5.369162E+00   2.316934E+02   1.290844E-06  -6.140320E-06
   5.383736E+00   2.316388E+02   1.273959E-06  -6.141557E-06
   5.398350E+00   2.315841E+02   1.257291E-06  -6.142787E-06
   5.413003E+00   2.315293E+02   1.240837E-06  -6.144009E-06
   5.427697E+00   2.314743E+02   1.224596E-06  -6.145225E-06
   5.442430E+00   2.314192E+02   1.208563E-06  -6.146432E-06
   5.457203E+00   2.313640E+02   1.192738E-06  -6.147633E-06
   5.472016E+00   2.313087E+02   1.177116E-06  -6.148826E-06
   5.486870E+00   2.312533E+02   1.161695E-06  -6.150012E-06
   5.501763E+00   2.311978E+02   1.146473E-06  -6.151191E-06
   5.516698E+00   2.311942E+02   1.131257E-06  -6.152371E-06
   5.531672E+00   2.312620E+02   1.115982E-06  -6.153555E-06
   5.546688E+00   2.313296E+02   1.100908E-06  -6.154732E-06
   5.561744E+00   2.313970E+02   1.086033E-06  -6.155902E-06
   5.576841E+00   2.314643E+02   1.071355E-06  -6.157064E-06
   5.591979E+00   2.315314E+02   1.056872E-06  -6.158219E-06
   5.607158E+00   2.315984E+02   1.042580E-06  -6.159368E-06
   5.622378E+00   2.316652E+02   1.028478E-06  -6.160509E-06
   5.637640E+00   2.317463E+02   1.014508E-06  -6.161645E-06
   5.652943E+00   2.319228E+02   1.000368E-06  -6.162791E-06
   5.668287E+00   2.320992E+02   9.864199E-07  -6.163930E-06
   5.683674E+00   2.322755E+02   9.726614E-07  -6.165061E-06
   5.699102E+00   2.324518E+02   9.590898E-07  -6.166186E-06
   5.714571E+00   2.326279E+02   9.457027E-07  -6.167303E-06
   5.730083E+00   2.328039E+02   9.324976E-07  -6.168413E-06
   5.745637E+00   2.329797E+02   9.194721E-07  -6.169517E-06
   5.761233E+00   2.331555E+02   9.066238E-07  -6.170613E-06
   5.776872E+00   2.333312E+02   8.939504E-07  -6.171703E-06
   5.792553E+00   2.335068E+02   8.814495E-07  -6.172786E-06
   5.808276E+00   2.336823E+02   8.691189E-07  -6.173861E-06
   5.824043E+00   2.338576E+02   8.569562E-07  -6.174931E-06
   5.839852E+00   2.340329E+02   8.449594E-07  -6.175993E-06
   5.855704E+00   2.342080E+02   8.331261E-07  -6.177049E-06
   5.871598E+00   2.343831E+02   8.214541E-07  -6.178098E-06
   5.887537E+00   2.345580E+02   8.099414E-07  -6.179141E-06
   5.903518E+00   2.347328E+02   7.985859E-07  -6.180177E-06
   5.919543E+00   2.350037E+02   7.869515E-07  -6.181228E-06
   5.935611E+00   2.352776E+02   7.754677E-07  -6.182273E-06
   5.951723E+00   2.355515E+02   7.641458E-07  -6.183312E-06
   5.967878E+00   2.358254E+02   7.529836E-07  -6.184344E-06
   5.984078E+00   2.360992E+02   7.419790E-07  -6.185369E-06
   6.000321E+00   2.363731E+02   7.311297E-07  -6.186387E-06
   6.016609E+00   2.366469E+02   7.204337E-07  -6.187400E-06
   6.032940E+00   2.369207E+02   7.098889E-07  -6.188405E-06
   6.049316E+00   2.371945E+02   6.994932E-07  -6.189404E-06
   6.065737E+00   2.374683E+02   6.892445E-07  -6.190397E-06
   6.082202E+00   2.377421E+02   6.791409E-07  -6.191383E-06
   6.098712E+00   2.380158E+02   6.691804E-07  -6.192363E-06
   6.115266E+00   2.382895E+02   6.593609E-07  -6.193337E-06
   6.131866E+00   2.385632E+02   6.496806E-07  -6.194304E-06
   6.148510E+00   2.388369E+02   6.401376E-07  -6.195265E-06
   6.165200E+00   2.391106E+02   6.307299E-07  -6.196220E-06
   6.181935E+00   2.393842E+02   6.214558E-07  -6.197169E-06
   6.198716E+00   2.396578E+02   6.123133E-07  -6.198112E-06
   6.215542E+00   2.398464E+02   6.028378E-07  -6.199073E-06
   6.232413E+00   2.400321E+02   5.934886E-07  -6.200029E-06
   6.249331E+00   2.402174E+02   5.842777E-07  -6.200979E-06
   6.266294E+00   2.404024E+02   5.752031E-07  -6.201922E-06
   6.283304E+00   2.405871E+02   5.662628E-07  -6.202859E-06
   6.300359E+00   2.407714E+02   5.574551E-07  -6.203790E-06
   6.317461E+00   2.409554E+02   5.487780E-07  -6.204715E-06
   6.334610E+00   2.411391E+02   5.402296E-07  -6.205634E-06
   6.351805E+00   2.413224E+02   5.318081E-07  -6.206546E-06
   6.369046E+00   2.414440E+02   5.232852E-07  -6.207465E-06
   6.386335E+00   2.415292E+02   5.147611E-07  -6.208386E-06
   6.403670E+00   2.416139E+02   5.063678E-07  -6.209300E-06
   6.421052E+00   2.416979E+02   4.981035E-07  -6.210208E-06
   6.438482E+00   2.417814E+02   4.899663E-07  -6.211109E-06
   6.455959E+00   2.418642E+02   4.819543E-07  -6.212005E-06
   6.473483E+00   2.419465E+02   4.740657E-07  -6.212894E-06
   6.491055E+00   2.420281E+02   4.662988E-07  -6.213778E-06
   6.508674E+00   2.421092E+02   4.586516E-07  -6.214655E-06
   6.526342E+00   2.421868E+02   4.510990E-07  -6.215528E-06
   6.544057E+00   2.422087E+02   4.432119E-07  -6.216422E-06
   6.561821E+00   2.422297E+02   4.354525E-07  -6.217310E-06
   6.579632E+00   2.422498E+02   4.278188E-07  -6.218191E-06
   6.597492E+00   2.422690E+02   4.203090E-07  -6.219067E-06
   6.615401E+00   2.422874E+02   4.129212E-07  -6.219936E-06
   6.633358E+00   2.423049E+02   4.056536E-07  -6.220799E-06
   6.651364E+00   2.423215E+02   3.985043E-07  -6.221655E-06
   6.669418E+00   2.423372E+02   3.914714E-07  -6.222506E-06
   6.687522E+00   2.423521E+02   3.845534E-07  -6.223351E-06
   6.705675E+00   2.423617E+02   3.776133E-07  -6.224198E-06
   6.723877E+00   2.423542E+02   3.702916E-07  -6.225072E-06
   6.742129E+00   2.423454E+02   3.630978E-07  -6.225939E-06
   6.760430E+00   2.423351E+02   3.560300E-07  -6.226799E-06
   6.778781E+00   2.423236E+02   3.490860E-07  -6.227653E-06
   6.797181E+00   2.423106E+02   3.422640E-07  -6.228500E-06
   6.815632E+00   2.422963E+02   3.355621E-07  -6.229341E-06
   6.834132E+00   2.422807E+02   3.289782E-07  -6.230176E-06
   6.852683E+00   2.422637E+02   3.225105E-07  -6.231004E-06
   6.871284E+00   2.422454E+02   3.161571E-07  -6.231826E-06
   6.889936E+00   2.422257E+02   3.099162E-07  -6.232642E-06
   6.908638E+00   2.422046E+02   3.037861E-07  -6.233452E-06
   6.927391E+00   2.424689E+02   2.970684E-07  -6.234306E-06
   6.946195E+00   2.427734E+02   2.903796E-07  -6.235159E-06
   6.965050E+00   2.430760E+02   2.838216E-07  -6.236006E-06
   6.983957E+00   2.433768E+02   2.773921E-07  -6.236845E-06
   7.002914E+00   2.436756E+02   2.710889E-07  -6.237678E-06
   7.021923E+00   2.439725E+02   2.649097E-07  -6.238504E-06
   7.040984E+00   2.442675E+02   2.588525E-07  -6.239323E-06
   7.060096E+00   2.445605E+02   2.529153E-07  -6.240135E-06
   7.079260E+00   2.448516E+02   2.470958E-07  -6.240941E-06
   7.098476E+00   2.459684E+02   2.407821E-07  -6.241788E-06
   7.117745E+00   2.474246E+02   2.343626E-07  -6.242647E-06
   7.137066E+00   2.488856E+02   2.280865E-07  -6.243498E-06
   7.156439E+00   2.503513E+02   2.219513E-07  -6.244342E-06
   7.175864E+00   2.518218E+02   2.159543E-07  -6.245178E-06
   7.195343E+00   2.532969E+02   2.100931E-07  -6.246006E-06
   7.214874E+00   2.547766E+02   2.043651E-07  -6.246826E-06
   7.234458E+00   2.562610E+02   1.987679E-07  -6.247640E-06
   7.254096E+00   2.577501E+02   1.932989E-07  -6.248445E-06
   7.273787E+00   2.592437E+02   1.879557E-07  -6.249244E-06
   7.293531E+00   2.607980E+02   1.827154E-07  -6.250037E-06
   7.313329E+00   2.654673E+02   1.764886E-07  -6.250925E-06
   7.333180E+00   2.702120E+02   1.704379E-07  -6.251803E-06
   7.353086E+00   2.750334E+02   1.645599E-07  -6.252672E-06
   7.373045E+00   2.799325E+02   1.588513E-07  -6.253532E-06
   7.393059E+00   2.849105E+02   1.533087E-07  -6.254383E-06
   7.413127E+00   2.899683E+02   1.479288E-07  -6.255225E-06
   7.433250E+00   2.951073E+02   1.427084E-07  -6.256057E-06
   7.453427E+00   3.003285E+02   1.376443E-07  -6.256881E-06
   7.473658E+00   3.056330E+02   1.327334E-07  -6.257696E-06
   7.493945E+00   3.110221E+02   1.279726E-07  -6.258503E-06
   7.514287E+00   3.165264E+02   1.233556E-07  -6.259302E-06
   7.534684E+00   3.279365E+02   1.182735E-07  -6.260175E-06
   7.555137E+00   3.397429E+02   1.134000E-07  -6.261038E-06
   7.575645E+00   3.519589E+02   1.087323E-07  -6.261892E-06
   7.596208E+00   3.645983E+02   1.042678E-07  -6.262735E-06
   7.616828E+00   3.776753E+02   1.000042E-07  -6.263569E-06
   7.637503E+00   3.912047E+02   9.593910E-08  -6.264394E-06
   7.658235E+00   4.052018E+02   9.207055E-08  -6.265210E-06
   7.679022E+00   4.196822E+02   8.839663E-08  -6.266016E-06
   7.699867E+00   4.346623E+02   8.491562E-08  -6.266814E-06
   7.720767E+00   4.501589E+02   8.162602E-08  -6.267603E-06
   7.741725E+00   4.661896E+02   7.852651E-08  -6.268384E-06
   7.762739E+00   4.853141E+02   7.555219E-08  -6.269181E-06
   7.783811E+00   5.066102E+02   7.277376E-08  -6.269983E-06
   7.804940E+00   5.288181E+02   7.023522E-08  -6.270777E-06
   7.826126E+00   5.519767E+02   6.793883E-08  -6.271563E-06
   7.847369E+00   5.761269E+02   6.588740E-08  -6.272342E-06
   7.868670E+00   6.013112E+02   6.408441E-08  -6.273113E-06
   7.890029E+00   6.275744E+02   6.253398E-08  -6.273877E-06
   7.911446E+00   6.549633E+02   6.124100E-08  -6.274634E-06
   7.932921E+00   6.835271E+02   6.021113E-08  -6.275385E-06
   7.954455E+00   7.133172E+02   5.945090E-08  -6.276129E-06
   7.976047E+00   7.443880E+02   5.896778E-08  -6.276869E-06
   7.997697E+00   7.767965E+02   5.877025E-08  -6.277603E-06
   8.019407E+00   8.084016E+02   5.930747E-08  -6.278240E-06
   8.041175E+00   8.411565E+02   6.010677E-08  -6.278869E-06
   8.063002E+00   8.752488E+02   6.114982E-08  -6.279497E-06
   8.084888E+00   9.107365E+02   6.244894E-08  -6.280123E-06
   8.106834E+00   9.476812E+02   6.401766E-08  -6.280749E-06
   8.128840E+00   9.861473E+02   6.587085E-08  -6.281374E-06
   8.150905E+00   1.026203E+03   6.802482E-08  -6.281999E-06
   8.173030E+00   1.067921E+03   7.049750E-08  -6.282624E-06
   8.195215E+00   1.111377E+03   7.330856E-08  -6.283251E-06
   8.217461E+00   1.156651E+03   7.647963E-08  -6.283879E-06
   8.239767E+00   1.203830E+03   8.003447E-08  -6.284509E-06
   8.262133E+00   1.253003E+03   8.399920E-08  -6.285141E-06
   8.284560E+00   1.290801E+03   8.737641E-08  -6.285651E-06
   8.307048E+00   1.327268E+03   9.079028E-08  -6.286139E-06
   8.329597E+00   1.364820E+03   9.442023E-08  -6.286630E-06
   8.352207E+00   1.403493E+03   9.827796E-08  -6.287123E-06
   8.374879E+00   1.443326E+03   1.023760E-07  -6.287618E-06
   8.397612E+00   1.475408E+03   1.056371E-07  -6.288079E-06
   8.420407E+00   1.507162E+03   1.089194E-07  -6.288536E-06
   8.443263E+00   1.539647E+03   1.123526E-07  -6.288995E-06
   8.466182E+00   1.572882E+03   1.159430E-07  -6.289455E-06
   8.489163E+00   1.606888E+03   1.196973E-07  -6.289916E-06
   8.512206E+00   1.637830E+03   1.229245E-07  -6.290392E-06
   8.535312E+00   1.668854E+03   1.261887E-07  -6.290870E-06
   8.558481E+00   1.700516E+03   1.295920E-07  -6.291348E-06
   8.581712E+00   1.732834E+03   1.331394E-07  -6.291827E-06
   8.605007E+00   1.765824E+03   1.368360E-07  -6.292306E-06
   8.628364E+00   1.800861E+03   1.407641E-07  -6.292811E-06
   8.651786E+00   1.837041E+03   1.448926E-07  -6.293322E-06
   8.675270E+00   1.874023E+03   1.492095E-07  -6.293835E-06
   8.698819E+00   1.911830E+03   1.537218E-07  -6.294348E-06
   8.722431E+00   1.950485E+03   1.584374E-07  -6.294862E-06
   8.746108E+00   1.992242E+03   1.637624E-07  -6.295380E-06
   8.769848E+00   2.036358E+03   1.695814E-07  -6.295901E-06
   8.793654E+00   2.081567E+03   1.756770E-07  -6.296426E-06
   8.817524E+00   2.127902E+03   1.820623E-07  -6.296953E-06
   8.841458E+00   2.175396E+03   1.887510E-07  -6.297484E-06
   8.865458E+00   2.224176E+03   1.959082E-07  -6.298000E-06
   8.889522E+00   2.274312E+03   2.036349E-07  -6.298493E-06
   8.913653E+00   2.325691E+03   2.117193E-07  -6.298992E-06
   8.937848E+00   2.378346E+03   2.201797E-07  -6.299497E-06
   8.962109E+00   2.432305E+03   2.290355E-07  -6.300009E-06
   8.986436E+00   2.487085E+03   2.382618E-07  -6.300519E-06
   9.010830E+00   2.537501E+03   2.473981E-07  -6.300947E-06
   9.035289E+00   2.588896E+03   2.569088E-07  -6.301383E-06
   9.059815E+00   2.641273E+03   2.668100E-07  -6.301827E-06
   9.084407E+00   2.694632E+03   2.771182E-07  -6.302279E-06
   9.109066E+00   2.748969E+03   2.878507E-07  -6.302740E-06
   9.133792E+00   2.794698E+03   2.976123E-07  -6.303113E-06
   9.158585E+00   2.836678E+03   3.070765E-07  -6.303451E-06
   9.183446E+00   2.878867E+03   3.168271E-07  -6.303797E-06
   9.208373E+00   2.921227E+03   3.268687E-07  -6.304150E-06
   9.233369E+00   2.963714E+03   3.372055E-07  -6.304511E-06
   9.258432E+00   3.002074E+03   3.470759E-07  -6.304845E-06
   9.283564E+00   3.026419E+03   3.546462E-07  -6.305069E-06
   9.308764E+00   3.050208E+03   3.623380E-07  -6.305298E-06
   9.334032E+00   3.073402E+03   3.701463E-07  -6.305530E-06
   9.359368E+00   3.095959E+03   3.780656E-07  -6.305767E-06
   9.384774E+00   3.117840E+03   3.860903E-07  -6.306007E-06
   9.410248E+00   3.127167E+03   3.916150E-07  -6.306161E-06
   9.435792E+00   3.130306E+03   3.959788E-07  -6.306274E-06
   9.461404E+00   3.132616E+03   4.003443E-07  -6.306387E-06
   9.487087E+00   3.134086E+03   4.047061E-07  -6.306500E-06
   9.512839E+00   3.134709E+03   4.090587E-07  -6.306614E-06
   9.538661E+00   3.133847E+03   4.132197E-07  -6.306722E-06
   9.564553E+00   3.121483E+03   4.143436E-07  -6.306753E-06
   9.590516E+00   3.108520E+03   4.154499E-07  -6.306782E-06
   9.616548E+00   3.094968E+03   4.165361E-07  -6.306808E-06
   9.642652E+00   3.080837E+03   4.175998E-07  -6.306832E-06
   9.668826E+00   3.065462E+03   4.183560E-07  -6.306849E-06
   9.695072E+00   3.046692E+03   4.176849E-07  -6.306851E-06
   9.721388E+00   3.027177E+03   4.164657E-07  -6.306854E-06
   9.747777E+00   3.007408E+03   4.152486E-07  -6.306855E-06
   9.774236E+00   2.987395E+03   4.140329E-07  -6.306854E-06
   9.800768E+00   2.967147E+03   4.128177E-07  -6.306850E-06
   9.827371E+00   2.946672E+03   4.116021E-07  -6.306843E-06
   9.854047E+00   2.927388E+03   4.101611E-07  -6.306857E-06
   9.880795E+00   2.909218E+03   4.085184E-07  -6.306889E-06
   9.907616E+00   2.890915E+03   4.068763E-07  -6.306920E-06
   9.934510E+00   2.872486E+03   4.052344E-07  -6.306949E-06
   9.961476E+00   2.853935E+03   4.035923E-07  -6.306976E-06
   9.988516E+00   2.835268E+03   4.019496E-07  -6.307001E-06
   1.001563E+01   2.818385E+03   4.006104E-07  -6.307048E-06
   1.004282E+01   2.802512E+03   3.994440E-07  -6.307107E-06
   1.007008E+01   2.786501E+03   3.982645E-07  -6.307164E-06
   1.009741E+01   2.770358E+03   3.970716E-07  -6.307221E-06
   1.012482E+01   2.754087E+03   3.958651E-07  -6.307276E-06
   1.015230E+01   2.737693E+03   3.946450E-07  -6.307330E-06
   1.017986E+01   2.719950E+03   3.936451E-07  -6.307362E-06
   1.020749E+01   2.701320E+03   3.927664E-07  -6.307381E-06
   1.023520E+01   2.682538E+03   3.918673E-07  -6.307399E-06
   1.026298E+01   2.663611E+03   3.909476E-07  -6.307415E-06
   1.029084E+01   2.644545E+03   3.900070E-07  -6.307429E-06
   1.031878E+01   2.625347E+03   3.890455E-07  -6.307441E-06
   1.034679E+01   2.600968E+03   3.873137E-07  -6.307381E-06
   1.037487E+01   2.572073E+03   3.849272E-07  -6.307254E-06
   1.040303E+01   2.543239E+03   3.825678E-07  -6.307123E-06
   1.043127E+01   2.514475E+03   3.802348E-07  -6.306988E-06
   1.045959E+01   2.485786E+03   3.779272E-07  -6.306850E-06
   1.048798E+01   2.457181E+03   3.756442E-07  -6.306707E-06
   1.051645E+01   2.426674E+03   3.726436E-07  -6.306532E-06
   1.054499E+01   2.392324E+03   3.682056E-07  -6.306294E-06
   1.057362E+01   2.358307E+03   3.638823E-07  -6.306052E-06
   1.060232E+01   2.324624E+03   3.596704E-07  -6.305806E-06
   1.063110E+01   2.291274E+03   3.555666E-07  -6.305558E-06
   1.065996E+01   2.258255E+03   3.515678E-07  -6.305305E-06
   1.068889E+01   2.225625E+03   3.476490E-07  -6.305051E-06
   1.071791E+01   2.196059E+03   3.428277E-07  -6.304852E-06
   1.074700E+01   2.166803E+03   3.381280E-07  -6.304652E-06
   1.077617E+01   2.137853E+03   3.335465E-07  -6.304452E-06
   1.080542E+01   2.109209E+03   3.290798E-07  -6.304250E-06
   1.083475E+01   2.080866E+03   3.247246E-07  -6.304047E-06
   1.086416E+01   2.052824E+03   3.204779E-07  -6.303844E-06
   1.089365E+01   2.027106E+03   3.163948E-07  -6.303679E-06
   1.092322E+01   2.002954E+03   3.124391E-07  -6.303540E-06
   1.095287E+01   1.979032E+03   3.085675E-07  -6.303401E-06
   1.098261E+01   1.955339E+03   3.047778E-07  -6.303261E-06
   1.101242E+01   1.931874E+03   3.010680E-07  -6.303120E-06
   1.104231E+01   1.908634E+03   2.974361E-07  -6.302980E-06
   1.107228E+01   1.885549E+03   2.938486E-07  -6.302837E-06
   1.110234E+01   1.861861E+03   2.899616E-07  -6.302684E-06
   1.113247E+01   1.838414E+03   2.861638E-07  -6.302532E-06
   1.116269E+01   1.815206E+03   2.824528E-07  -6.302379E-06
   1.119299E+01   1.792236E+03   2.788263E-07  -6.302226E-06
   1.122338E+01   1.769502E+03   2.752820E-07  -6.302074E-06
   1.125384E+01   1.747002E+03   2.718178E-07  -6.301921E-06
   1.128439E+01   1.725269E+03   2.682686E-07  -6.301786E-06
   1.131502E+01   1.704460E+03   2.645848E-07  -6.301675E-06
   1.134573E+01   1.683857E+03   2.609832E-07  -6.301564E-06
   1.137653E+01   1.663459E+03   2.574618E-07  -6.301454E-06
   1.140741E+01   1.643263E+03   2.540184E-07  -6.301345E-06
   1.143838E+01   1.623268E+03   2.506511E-07  -6.301237E-06
   1.146943E+01   1.603474E+03   2.473577E-07  -6.301130E-06
   1.150056E+01   1.584716E+03   2.441655E-07  -6.301043E-06
   1.153178E+01   1.566567E+03   2.410537E-07  -6.300967E-06
   1.156308E+01   1.548591E+03   2.380049E-07  -6.300891E-06
   1.159447E+01   1.530787E+03   2.350176E-07  -6.300816E-06
   1.162594E+01   1.513153E+03   2.320902E-07  -6.300742E-06
   1.165750E+01   1.495688E+03   2.292212E-07  -6.300668E-06
   1.168914E+01   1.478391E+03   2.264092E-07  -6.300596E-06
   1.172087E+01   1.459461E+03   2.234092E-07  -6.300490E-06
   1.175268E+01   1.440181E+03   2.204048E-07  -6.300376E-06
   1.178459E+01   1.421110E+03   2.174713E-07  -6.300263E-06
   1.181658E+01   1.402245E+03   2.146067E-07  -6.300151E-06
   1.184865E+01   1.383587E+03   2.118090E-07  -6.300041E-06
   1.188081E+01   1.365133E+03   2.090763E-07  -6.299931E-06
   1.191306E+01   1.346881E+03   2.064068E-07  -6.299823E-06
   1.194540E+01   1.328458E+03   2.033682E-07  -6.299737E-06
   1.197783E+01   1.310103E+03   2.002555E-07  -6.299662E-06
   1.201034E+01   1.291948E+03   1.972226E-07  -6.299588E-06
   1.204294E+01   1.273994E+03   1.942669E-07  -6.299518E-06
   1.207563E+01   1.256239E+03   1.913863E-07  -6.299450E-06
   1.210841E+01   1.238683E+03   1.885785E-07  -6.299384E-06
   1.214128E+01   1.221325E+03   1.858413E-07  -6.299321E-06
   1.217423E+01   1.205133E+03   1.830608E-07  -6.299298E-06
   1.220728E+01   1.189820E+03   1.802643E-07  -6.299304E-06
   1.224041E+01   1.174663E+03   1.775329E-07  -6.299312E-06
   1.227364E+01   1.159660E+03   1.748648E-07  -6.299323E-06
   1.230696E+01   1.145222E+03   1.722462E-07  -6.299349E-06
   1.234036E+01   1.130955E+03   1.696857E-07  -6.299377E-06
   1.237386E+01   1.116832E+03   1.671825E-07  -6.299407E-06
   1.240745E+01   1.102645E+03   1.646891E-07  -6.299440E-06
   1.244113E+01   1.088042E+03   1.621305E-07  -6.299473E-06
   1.247490E+01   1.073595E+03   1.596327E-07  -6.299510E-06
   1.250876E+01   1.059302E+03   1.571939E-07  -6.299548E-06
   1.254271E+01   1.045163E+03   1.548124E-07  -6.299589E-06
   1.257676E+01   1.031178E+03   1.524868E-07  -6.299632E-06
   1.261090E+01   1.017347E+03   1.502153E-07  -6.299677E-06
   1.264513E+01   1.003669E+03   1.479964E-07  -6.299725E-06
   1.267946E+01   9.899348E+02   1.455378E-07  -6.299811E-06
   1.271387E+01   9.763010E+02   1.430749E-07  -6.299908E-06
   1.274838E+01   9.628138E+02   1.406723E-07  -6.300007E-06
   1.278299E+01   9.494734E+02   1.383283E-07  -6.300109E-06
   1.281769E+01   9.362799E+02   1.360413E-07  -6.300214E-06
   1.285248E+01   9.232333E+02   1.338094E-07  -6.300320E-06
   1.288737E+01   9.103336E+02   1.316312E-07  -6.300429E-06
   1.292235E+01   8.979183E+02   1.294664E-07  -6.300555E-06
   1.295743E+01   8.868940E+02   1.272072E-07  -6.300740E-06
   1.299260E+01   8.759731E+02   1.249980E-07  -6.300925E-06
   1.302787E+01   8.651560E+02   1.228377E-07  -6.301112E-06
   1.306323E+01   8.544428E+02   1.207248E-07  -6.301300E-06
   1.309869E+01   8.438340E+02   1.186583E-07  -6.301489E-06
   1.313424E+01   8.333295E+02   1.166369E-07  -6.301679E-06
   1.316990E+01   8.229295E+02   1.146594E-07  -6.301870E-06
   1.320565E+01   8.127394E+02   1.126605E-07  -6.302077E-06
   1.324149E+01   8.027785E+02   1.106255E-07  -6.302303E-06
   1.327743E+01   7.929113E+02   1.086348E-07  -6.302530E-06
   1.331348E+01   7.831383E+02   1.066873E-07  -6.302757E-06
   1.334961E+01   7.734595E+02   1.047819E-07  -6.302985E-06
   1.338585E+01   7.638752E+02   1.029176E-07  -6.303213E-06
   1.342219E+01   7.543854E+02   1.010932E-07  -6.303442E-06
   1.345862E+01   7.449903E+02   9.930783E-08  -6.303670E-06
   1.349515E+01   7.363846E+02   9.743795E-08  -6.303940E-06
   1.353178E+01   7.285120E+02   9.549039E-08  -6.304250E-06
   1.356852E+01   7.206947E+02   9.358309E-08  -6.304558E-06
   1.360535E+01   7.129334E+02   9.171517E-08  -6.304865E-06
   1.364228E+01   7.052285E+02   8.988576E-08  -6.305170E-06
   1.367931E+01   6.975805E+02   8.809402E-08  -6.305475E-06
   1.371644E+01   6.899901E+02   8.633911E-08  -6.305777E-06
   1.375367E+01   6.824575E+02   8.462022E-08  -6.306079E-06
   1.379101E+01   6.765922E+02   8.291261E-08  -6.306414E-06
   1.382844E+01   6.731378E+02   8.120121E-08  -6.306798E-06
   1.386598E+01   6.696776E+02   7.952009E-08  -6.307178E-06
   1.390362E+01   6.662119E+02   7.786881E-08  -6.307555E-06
   1.394136E+01   6.627412E+02   7.624692E-08  -6.307927E-06
   1.397920E+01   6.592657E+02   7.465396E-08  -6.308296E-06
   1.401714E+01   6.557858E+02   7.308952E-08  -6.308661E-06
   1.405519E+01   6.523018E+02   7.155314E-08  -6.309023E-06
   1.409334E+01   6.493271E+02   7.005901E-08  -6.309385E-06
   1.413160E+01   6.504351E+02   6.870612E-08  -6.309780E-06
   1.416996E+01   6.515268E+02   6.737567E-08  -6.310170E-06
   1.420842E+01   6.526021E+02   6.606738E-08  -6.310555E-06
   1.424699E+01   6.536610E+02   6.478092E-08  -6.310936E-06
   1.428566E+01   6.547031E+02   6.351600E-08  -6.311312E-06
   1.432444E+01   6.557285E+02   6.227233E-08  -6.311684E-06
   1.436332E+01   6.567370E+02   6.104962E-08  -6.312051E-06
   1.440231E+01   6.577284E+02   5.984757E-08  -6.312413E-06
   1.444141E+01   6.606998E+02   5.879001E-08  -6.312770E-06
   1.448061E+01   6.648477E+02   5.782313E-08  -6.313121E-06
   1.451991E+01   6.690077E+02   5.687350E-08  -6.313468E-06
   1.455933E+01   6.731797E+02   5.594086E-08  -6.313812E-06
   1.459885E+01   6.773637E+02   5.502496E-08  -6.314151E-06
   1.463848E+01   6.815595E+02   5.412555E-08  -6.314487E-06
   1.467821E+01   6.857671E+02   5.324238E-08  -6.314820E-06
   1.471805E+01   6.899864E+02   5.237520E-08  -6.315148E-06
   1.475800E+01   6.942172E+02   5.152378E-08  -6.315473E-06
   1.479806E+01   6.991192E+02   5.080360E-08  -6.315775E-06
   1.483823E+01   7.040800E+02   5.010292E-08  -6.316073E-06
   1.487851E+01   7.090654E+02   4.941543E-08  -6.316369E-06
   1.491890E+01   7.140755E+02   4.874093E-08  -6.316661E-06
   1.495939E+01   7.191103E+02   4.807922E-08  -6.316951E-06
   1.500000E+01   7.241713E+02   4.743068E-08  -6.317237E-06
