#============================================================================
# Opacities computed by OpTool        <a^n>=  1.0000E-1  1.0000E-1  1.0000E-1
# Method:   DHS  fmax=  0.000
# Parameters:
#   amin [um]=      0.100 amax [um]=      0.100  na  =    1     apow=   3.5    
#   lmin [um]=      1.000 lmax [um]=     15.000  nlam= 1000     nang=   180
#   porosity =      0.000 p_mantle =      0.000  fmax=  0.0     chop=   0.0
# Composition:
#  Where   mfrac  rho   Material
#  -----   -----  ----  -----------------------------------------------------
#  core    1.000  3.30  /home/jschneider/optool/lnk_data/astrosil-Draine2003.lnk
#  - - -   - - -  -  -  - - - - - - - - - - - - - - - - - - - - - - - - - - -
#  grain   1.000  3.30  mixture of  1 materials
#----------------------------------------------------------------------------
# Command: /home/jschneider/optool/optool -c \
#   /home/jschneider/optool/lnk_data/astrosil-Draine2003.lnk 1.0 -a 0.1 \
#   0.1 3.5 -l 1 15 1000 -mie -o ../data/dust_models_mie/astrosil_0.1um
#============================================================================
# Standard output file, no scattering matrix
#    iformat
#    nlambda
#    lambda[um]  kabs [cm^2/g]  ksca [cm^2/g]    g_asymmetry
#============================================================================
           3
        1000
   1.000000E+00   9.780706E+02   1.448435E+03   8.411174E-02
   1.002714E+00   9.744536E+02   1.432626E+03   8.365668E-02
   1.005436E+00   9.708542E+02   1.416988E+03   8.320418E-02
   1.008165E+00   9.672722E+02   1.401519E+03   8.275422E-02
   1.010902E+00   9.637075E+02   1.386218E+03   8.230679E-02
   1.013646E+00   9.601599E+02   1.371081E+03   8.186187E-02
   1.016398E+00   9.566295E+02   1.356109E+03   8.141944E-02
   1.019157E+00   9.531161E+02   1.341298E+03   8.097948E-02
   1.021923E+00   9.496196E+02   1.326648E+03   8.054199E-02
   1.024697E+00   9.461399E+02   1.312156E+03   8.010694E-02
   1.027478E+00   9.426770E+02   1.297822E+03   7.967433E-02
   1.030267E+00   9.392306E+02   1.283642E+03   7.924413E-02
   1.033064E+00   9.358008E+02   1.269617E+03   7.881633E-02
   1.035868E+00   9.323875E+02   1.255743E+03   7.839091E-02
   1.038680E+00   9.289905E+02   1.242020E+03   7.796786E-02
   1.041499E+00   9.256097E+02   1.228445E+03   7.754717E-02
   1.044326E+00   9.222451E+02   1.215018E+03   7.712882E-02
   1.047161E+00   9.188966E+02   1.201737E+03   7.671280E-02
   1.050004E+00   9.155640E+02   1.188600E+03   7.629909E-02
   1.052854E+00   9.122474E+02   1.175606E+03   7.588767E-02
   1.055712E+00   9.089465E+02   1.162753E+03   7.547854E-02
   1.058577E+00   9.056614E+02   1.150039E+03   7.507167E-02
   1.061451E+00   9.023919E+02   1.137464E+03   7.466706E-02
   1.064332E+00   8.991379E+02   1.125025E+03   7.426469E-02
   1.067221E+00   8.958994E+02   1.112722E+03   7.386455E-02
   1.070118E+00   8.926762E+02   1.100552E+03   7.346662E-02
   1.073023E+00   8.894683E+02   1.088515E+03   7.307089E-02
   1.075936E+00   8.862755E+02   1.076609E+03   7.267735E-02
   1.078856E+00   8.830979E+02   1.064832E+03   7.228598E-02
   1.081785E+00   8.799353E+02   1.053184E+03   7.189677E-02
   1.084721E+00   8.767876E+02   1.041662E+03   7.150971E-02
   1.087665E+00   8.736547E+02   1.030266E+03   7.112478E-02
   1.090618E+00   8.705366E+02   1.018994E+03   7.074197E-02
   1.093578E+00   8.674332E+02   1.007845E+03   7.036127E-02
   1.096547E+00   8.643444E+02   9.968178E+02   6.998267E-02
   1.099523E+00   8.612700E+02   9.859105E+02   6.960614E-02
   1.102508E+00   8.582101E+02   9.751222E+02   6.923169E-02
   1.105500E+00   8.551645E+02   9.644515E+02   6.885930E-02
   1.108501E+00   8.521332E+02   9.538971E+02   6.848895E-02
   1.111510E+00   8.491161E+02   9.434579E+02   6.812063E-02
   1.114527E+00   8.461130E+02   9.331326E+02   6.775433E-02
   1.117553E+00   8.431240E+02   9.229200E+02   6.739004E-02
   1.120586E+00   8.401489E+02   9.128189E+02   6.702775E-02
   1.123628E+00   8.371877E+02   9.028280E+02   6.666745E-02
   1.126678E+00   8.342402E+02   8.929463E+02   6.630911E-02
   1.129736E+00   8.313070E+02   8.831618E+02   6.595259E-02
   1.132803E+00   8.283875E+02   8.734826E+02   6.559798E-02
   1.135878E+00   8.254815E+02   8.639092E+02   6.524532E-02
   1.138961E+00   8.225890E+02   8.544406E+02   6.489458E-02
   1.142053E+00   8.197099E+02   8.450755E+02   6.454577E-02
   1.145153E+00   8.168442E+02   8.358130E+02   6.419885E-02
   1.148261E+00   8.139916E+02   8.266518E+02   6.385384E-02
   1.151378E+00   8.111523E+02   8.175909E+02   6.351070E-02
   1.154503E+00   8.083260E+02   8.086292E+02   6.316944E-02
   1.157637E+00   8.055128E+02   7.997657E+02   6.283005E-02
   1.160780E+00   8.027125E+02   7.909991E+02   6.249250E-02
   1.163930E+00   7.999250E+02   7.823286E+02   6.215679E-02
   1.167090E+00   7.971504E+02   7.737531E+02   6.182291E-02
   1.170258E+00   7.943885E+02   7.652715E+02   6.149085E-02
   1.173434E+00   7.916392E+02   7.568828E+02   6.116060E-02
   1.176620E+00   7.889025E+02   7.485861E+02   6.083214E-02
   1.179814E+00   7.861783E+02   7.403802E+02   6.050548E-02
   1.183016E+00   7.834666E+02   7.322643E+02   6.018058E-02
   1.186227E+00   7.807672E+02   7.242373E+02   5.985746E-02
   1.189447E+00   7.780801E+02   7.162983E+02   5.953609E-02
   1.192676E+00   7.754052E+02   7.084463E+02   5.921647E-02
   1.195913E+00   7.727425E+02   7.006804E+02   5.889858E-02
   1.199160E+00   7.700919E+02   6.929997E+02   5.858242E-02
   1.202415E+00   7.674532E+02   6.854032E+02   5.826798E-02
   1.205679E+00   7.648265E+02   6.778900E+02   5.795524E-02
   1.208951E+00   7.622117E+02   6.704591E+02   5.764420E-02
   1.212233E+00   7.596087E+02   6.631098E+02   5.733484E-02
   1.215523E+00   7.570175E+02   6.558411E+02   5.702716E-02
   1.218823E+00   7.544379E+02   6.486521E+02   5.672115E-02
   1.222131E+00   7.518699E+02   6.415420E+02   5.641680E-02
   1.225449E+00   7.493135E+02   6.345099E+02   5.611409E-02
   1.228775E+00   7.467685E+02   6.275549E+02   5.581302E-02
   1.232111E+00   7.442349E+02   6.206762E+02   5.551359E-02
   1.235455E+00   7.417127E+02   6.138731E+02   5.521577E-02
   1.238809E+00   7.392018E+02   6.071445E+02   5.491957E-02
   1.242171E+00   7.367937E+02   6.004282E+02   5.462384E-02
   1.245543E+00   7.344368E+02   5.937592E+02   5.432923E-02
   1.248924E+00   7.320902E+02   5.871645E+02   5.403622E-02
   1.252314E+00   7.297457E+02   5.807085E+02   5.374601E-02
   1.255713E+00   7.274079E+02   5.743521E+02   5.345791E-02
   1.259122E+00   7.250802E+02   5.680655E+02   5.317136E-02
   1.262540E+00   7.227625E+02   5.618478E+02   5.288636E-02
   1.265967E+00   7.204548E+02   5.556982E+02   5.260290E-02
   1.269403E+00   7.181571E+02   5.496161E+02   5.232097E-02
   1.272849E+00   7.158693E+02   5.436007E+02   5.204055E-02
   1.276304E+00   7.135913E+02   5.376512E+02   5.176165E-02
   1.279769E+00   7.113231E+02   5.317669E+02   5.148425E-02
   1.283242E+00   7.090646E+02   5.259472E+02   5.120834E-02
   1.286726E+00   7.068158E+02   5.201913E+02   5.093393E-02
   1.290218E+00   7.045767E+02   5.144985E+02   5.066099E-02
   1.293721E+00   7.023470E+02   5.088681E+02   5.038952E-02
   1.297232E+00   7.001269E+02   5.032995E+02   5.011951E-02
   1.300754E+00   6.979163E+02   4.977920E+02   4.985095E-02
   1.304284E+00   6.957150E+02   4.923449E+02   4.958384E-02
   1.307825E+00   6.935434E+02   4.869620E+02   4.931826E-02
   1.311375E+00   6.913869E+02   4.816396E+02   4.905414E-02
   1.314935E+00   6.892395E+02   4.763754E+02   4.879144E-02
   1.318504E+00   6.871011E+02   4.711689E+02   4.853015E-02
   1.322083E+00   6.849717E+02   4.660195E+02   4.827027E-02
   1.325672E+00   6.828512E+02   4.609264E+02   4.801178E-02
   1.329270E+00   6.807396E+02   4.558892E+02   4.775468E-02
   1.332878E+00   6.786368E+02   4.509071E+02   4.749896E-02
   1.336496E+00   6.765429E+02   4.459797E+02   4.724461E-02
   1.340124E+00   6.744576E+02   4.411062E+02   4.699163E-02
   1.343762E+00   6.723810E+02   4.362861E+02   4.674001E-02
   1.347409E+00   6.703131E+02   4.315189E+02   4.648974E-02
   1.351067E+00   6.682538E+02   4.268038E+02   4.624081E-02
   1.354734E+00   6.662029E+02   4.221405E+02   4.599321E-02
   1.358411E+00   6.641606E+02   4.175282E+02   4.574695E-02
   1.362099E+00   6.621268E+02   4.129664E+02   4.550201E-02
   1.365796E+00   6.601013E+02   4.084547E+02   4.525838E-02
   1.369504E+00   6.580842E+02   4.039924E+02   4.501606E-02
   1.373221E+00   6.560754E+02   3.995789E+02   4.477503E-02
   1.376948E+00   6.540749E+02   3.952139E+02   4.453530E-02
   1.380686E+00   6.520856E+02   3.908780E+02   4.429643E-02
   1.384434E+00   6.501052E+02   3.865860E+02   4.405874E-02
   1.388192E+00   6.481329E+02   3.823413E+02   4.382234E-02
   1.391960E+00   6.461688E+02   3.781433E+02   4.358720E-02
   1.395738E+00   6.442126E+02   3.739916E+02   4.335333E-02
   1.399527E+00   6.422645E+02   3.698856E+02   4.312071E-02
   1.403326E+00   6.403243E+02   3.658249E+02   4.288934E-02
   1.407135E+00   6.383921E+02   3.618088E+02   4.265922E-02
   1.410955E+00   6.364677E+02   3.578371E+02   4.243033E-02
   1.414785E+00   6.345512E+02   3.539090E+02   4.220266E-02
   1.418625E+00   6.326424E+02   3.500243E+02   4.197622E-02
   1.422476E+00   6.307414E+02   3.461823E+02   4.175099E-02
   1.426337E+00   6.288481E+02   3.423827E+02   4.152697E-02
   1.430209E+00   6.269624E+02   3.386249E+02   4.130416E-02
   1.434091E+00   6.250844E+02   3.349085E+02   4.108253E-02
   1.437984E+00   6.232139E+02   3.312330E+02   4.086210E-02
   1.441887E+00   6.213510E+02   3.275980E+02   4.064285E-02
   1.445801E+00   6.194955E+02   3.240031E+02   4.042477E-02
   1.449726E+00   6.176476E+02   3.204477E+02   4.020787E-02
   1.453661E+00   6.158070E+02   3.169315E+02   3.999212E-02
   1.457607E+00   6.139738E+02   3.134541E+02   3.977754E-02
   1.461563E+00   6.121569E+02   3.100253E+02   3.956437E-02
   1.465531E+00   6.103503E+02   3.066378E+02   3.935244E-02
   1.469509E+00   6.085510E+02   3.032875E+02   3.914165E-02
   1.473497E+00   6.067587E+02   2.999738E+02   3.893198E-02
   1.477497E+00   6.049736E+02   2.966966E+02   3.872343E-02
   1.481508E+00   6.031954E+02   2.934552E+02   3.851600E-02
   1.485529E+00   6.014243E+02   2.902494E+02   3.830968E-02
   1.489562E+00   5.996602E+02   2.870788E+02   3.810446E-02
   1.493605E+00   5.979029E+02   2.839429E+02   3.790034E-02
   1.497659E+00   5.961526E+02   2.808414E+02   3.769731E-02
   1.501725E+00   5.944091E+02   2.777738E+02   3.749537E-02
   1.505801E+00   5.926725E+02   2.747400E+02   3.729451E-02
   1.509888E+00   5.909426E+02   2.717393E+02   3.709472E-02
   1.513987E+00   5.892195E+02   2.687716E+02   3.689599E-02
   1.518096E+00   5.875031E+02   2.658364E+02   3.669833E-02
   1.522217E+00   5.857933E+02   2.629334E+02   3.650173E-02
   1.526349E+00   5.840902E+02   2.600622E+02   3.630618E-02
   1.530492E+00   5.823937E+02   2.572225E+02   3.611167E-02
   1.534647E+00   5.807038E+02   2.544138E+02   3.591820E-02
   1.538812E+00   5.790204E+02   2.516360E+02   3.572577E-02
   1.542989E+00   5.773435E+02   2.488886E+02   3.553436E-02
   1.547178E+00   5.756731E+02   2.461714E+02   3.534398E-02
   1.551378E+00   5.740055E+02   2.434792E+02   3.515448E-02
   1.555589E+00   5.723386E+02   2.408088E+02   3.496575E-02
   1.559811E+00   5.706781E+02   2.381678E+02   3.477804E-02
   1.564045E+00   5.690241E+02   2.355559E+02   3.459133E-02
   1.568291E+00   5.673764E+02   2.329728E+02   3.440562E-02
   1.572548E+00   5.657350E+02   2.304181E+02   3.422091E-02
   1.576816E+00   5.640999E+02   2.278915E+02   3.403718E-02
   1.581097E+00   5.624711E+02   2.253927E+02   3.385444E-02
   1.585388E+00   5.608485E+02   2.229215E+02   3.367267E-02
   1.589692E+00   5.592322E+02   2.204774E+02   3.349188E-02
   1.594007E+00   5.576220E+02   2.180603E+02   3.331206E-02
   1.598334E+00   5.560179E+02   2.156697E+02   3.313320E-02
   1.602672E+00   5.544200E+02   2.133055E+02   3.295529E-02
   1.607023E+00   5.528281E+02   2.109673E+02   3.277834E-02
   1.611385E+00   5.512422E+02   2.086548E+02   3.260233E-02
   1.615759E+00   5.496624E+02   2.063678E+02   3.242727E-02
   1.620145E+00   5.480885E+02   2.041059E+02   3.225314E-02
   1.624542E+00   5.465206E+02   2.018689E+02   3.207994E-02
   1.628952E+00   5.449586E+02   1.996566E+02   3.190767E-02
   1.633374E+00   5.434025E+02   1.974686E+02   3.173632E-02
   1.637808E+00   5.418523E+02   1.953046E+02   3.156589E-02
   1.642253E+00   5.403078E+02   1.931645E+02   3.139637E-02
   1.646711E+00   5.387692E+02   1.910479E+02   3.122776E-02
   1.651181E+00   5.372429E+02   1.889544E+02   3.106005E-02
   1.655663E+00   5.357415E+02   1.868836E+02   3.089321E-02
   1.660157E+00   5.342456E+02   1.848356E+02   3.072727E-02
   1.664664E+00   5.327553E+02   1.828101E+02   3.056222E-02
   1.669182E+00   5.312704E+02   1.808068E+02   3.039805E-02
   1.673713E+00   5.297911E+02   1.788257E+02   3.023476E-02
   1.678256E+00   5.283172E+02   1.768663E+02   3.007234E-02
   1.682812E+00   5.268487E+02   1.749284E+02   2.991079E-02
   1.687380E+00   5.253856E+02   1.730119E+02   2.975011E-02
   1.691960E+00   5.239278E+02   1.711165E+02   2.959028E-02
   1.696553E+00   5.224754E+02   1.692419E+02   2.943131E-02
   1.701158E+00   5.210283E+02   1.673879E+02   2.927319E-02
   1.705776E+00   5.195865E+02   1.655543E+02   2.911592E-02
   1.710406E+00   5.181499E+02   1.637409E+02   2.895949E-02
   1.715049E+00   5.167186E+02   1.619474E+02   2.880389E-02
   1.719704E+00   5.152924E+02   1.601737E+02   2.864913E-02
   1.724372E+00   5.138715E+02   1.584194E+02   2.849519E-02
   1.729053E+00   5.124556E+02   1.566845E+02   2.834208E-02
   1.733746E+00   5.110449E+02   1.549686E+02   2.818979E-02
   1.738452E+00   5.096393E+02   1.532716E+02   2.803831E-02
   1.743171E+00   5.082387E+02   1.515932E+02   2.788764E-02
   1.747903E+00   5.068432E+02   1.499333E+02   2.773778E-02
   1.752648E+00   5.054527E+02   1.482916E+02   2.758872E-02
   1.757405E+00   5.040673E+02   1.466680E+02   2.744045E-02
   1.762175E+00   5.026867E+02   1.450622E+02   2.729298E-02
   1.766959E+00   5.013111E+02   1.434741E+02   2.714630E-02
   1.771755E+00   4.999492E+02   1.419029E+02   2.700039E-02
   1.776564E+00   4.986587E+02   1.403451E+02   2.685509E-02
   1.781387E+00   4.973727E+02   1.388044E+02   2.671058E-02
   1.786222E+00   4.960912E+02   1.372807E+02   2.656683E-02
   1.791071E+00   4.948141E+02   1.357739E+02   2.642386E-02
   1.795932E+00   4.935415E+02   1.342836E+02   2.628165E-02
   1.800807E+00   4.922732E+02   1.328097E+02   2.614021E-02
   1.805696E+00   4.910092E+02   1.313521E+02   2.599952E-02
   1.810597E+00   4.897496E+02   1.299105E+02   2.585959E-02
   1.815512E+00   4.884944E+02   1.284849E+02   2.572040E-02
   1.820440E+00   4.872434E+02   1.270749E+02   2.558196E-02
   1.825381E+00   4.859967E+02   1.256805E+02   2.544427E-02
   1.830336E+00   4.847543E+02   1.243014E+02   2.530731E-02
   1.835305E+00   4.835161E+02   1.229375E+02   2.517108E-02
   1.840286E+00   4.822822E+02   1.215886E+02   2.503558E-02
   1.845282E+00   4.810524E+02   1.202546E+02   2.490081E-02
   1.850291E+00   4.798268E+02   1.189353E+02   2.476676E-02
   1.855313E+00   4.786053E+02   1.176305E+02   2.463343E-02
   1.860349E+00   4.773880E+02   1.163401E+02   2.450082E-02
   1.865399E+00   4.761748E+02   1.150639E+02   2.436891E-02
   1.870463E+00   4.749657E+02   1.138018E+02   2.423771E-02
   1.875540E+00   4.737607E+02   1.125535E+02   2.410721E-02
   1.880631E+00   4.725597E+02   1.113190E+02   2.397742E-02
   1.885736E+00   4.713628E+02   1.100981E+02   2.384831E-02
   1.890854E+00   4.701699E+02   1.088906E+02   2.371990E-02
   1.895987E+00   4.689809E+02   1.076965E+02   2.359218E-02
   1.901134E+00   4.677960E+02   1.065154E+02   2.346514E-02
   1.906294E+00   4.666150E+02   1.053474E+02   2.333878E-02
   1.911469E+00   4.654590E+02   1.041927E+02   2.321313E-02
   1.916657E+00   4.643128E+02   1.030509E+02   2.308815E-02
   1.921860E+00   4.631704E+02   1.019217E+02   2.296384E-02
   1.927077E+00   4.620318E+02   1.008049E+02   2.284020E-02
   1.932308E+00   4.608968E+02   9.970035E+01   2.271722E-02
   1.937553E+00   4.597656E+02   9.860797E+01   2.259490E-02
   1.942812E+00   4.586381E+02   9.752759E+01   2.247323E-02
   1.948086E+00   4.575143E+02   9.645910E+01   2.235222E-02
   1.953374E+00   4.563941E+02   9.540236E+01   2.223186E-02
   1.958676E+00   4.552775E+02   9.435723E+01   2.211214E-02
   1.963993E+00   4.541646E+02   9.332360E+01   2.199306E-02
   1.969324E+00   4.530553E+02   9.230133E+01   2.187462E-02
   1.974669E+00   4.519495E+02   9.129030E+01   2.175681E-02
   1.980030E+00   4.508473E+02   9.029039E+01   2.163963E-02
   1.985404E+00   4.497357E+02   8.930146E+01   2.152295E-02
   1.990793E+00   4.486407E+02   8.832341E+01   2.140702E-02
   1.996197E+00   4.475493E+02   8.735610E+01   2.129173E-02
   2.001616E+00   4.464614E+02   8.639943E+01   2.117704E-02
   2.007049E+00   4.453770E+02   8.545327E+01   2.106298E-02
   2.012497E+00   4.442961E+02   8.451751E+01   2.094952E-02
   2.017960E+00   4.432186E+02   8.359204E+01   2.083667E-02
   2.023438E+00   4.421445E+02   8.267673E+01   2.072443E-02
   2.028930E+00   4.410739E+02   8.177148E+01   2.061279E-02
   2.034438E+00   4.400066E+02   8.087618E+01   2.050174E-02
   2.039960E+00   4.389428E+02   7.999071E+01   2.039129E-02
   2.045497E+00   4.378823E+02   7.911497E+01   2.028144E-02
   2.051050E+00   4.368251E+02   7.824885E+01   2.017217E-02
   2.056617E+00   4.357714E+02   7.739225E+01   2.006349E-02
   2.062200E+00   4.347209E+02   7.654506E+01   1.995539E-02
   2.067797E+00   4.336757E+02   7.570641E+01   1.984783E-02
   2.073410E+00   4.326398E+02   7.487471E+01   1.974072E-02
   2.079038E+00   4.316072E+02   7.405218E+01   1.963418E-02
   2.084682E+00   4.305777E+02   7.323872E+01   1.952822E-02
   2.090341E+00   4.295515E+02   7.243422E+01   1.942282E-02
   2.096015E+00   4.285285E+02   7.163859E+01   1.931799E-02
   2.101704E+00   4.275087E+02   7.085173E+01   1.921373E-02
   2.107409E+00   4.264920E+02   7.007354E+01   1.911002E-02
   2.113130E+00   4.254786E+02   6.930393E+01   1.900687E-02
   2.118865E+00   4.244682E+02   6.854280E+01   1.890427E-02
   2.124617E+00   4.234772E+02   6.778884E+01   1.880216E-02
   2.130384E+00   4.225078E+02   6.704183E+01   1.870051E-02
   2.136167E+00   4.215412E+02   6.630308E+01   1.859941E-02
   2.141965E+00   4.205776E+02   6.557250E+01   1.849885E-02
   2.147780E+00   4.196169E+02   6.485000E+01   1.839883E-02
   2.153610E+00   4.186591E+02   6.413548E+01   1.829935E-02
   2.159456E+00   4.177042E+02   6.342886E+01   1.820041E-02
   2.165317E+00   4.167522E+02   6.273005E+01   1.810200E-02
   2.171195E+00   4.158031E+02   6.203897E+01   1.800412E-02
   2.177088E+00   4.148568E+02   6.135553E+01   1.790676E-02
   2.182998E+00   4.139133E+02   6.067964E+01   1.780993E-02
   2.188924E+00   4.129727E+02   6.001121E+01   1.771362E-02
   2.194865E+00   4.120348E+02   5.935018E+01   1.761783E-02
   2.200823E+00   4.110991E+02   5.869697E+01   1.752258E-02
   2.206797E+00   4.101621E+02   5.805361E+01   1.742802E-02
   2.212787E+00   4.092279E+02   5.741732E+01   1.733396E-02
   2.218794E+00   4.082965E+02   5.678803E+01   1.724040E-02
   2.224817E+00   4.073679E+02   5.616566E+01   1.714735E-02
   2.230856E+00   4.064420E+02   5.555014E+01   1.705480E-02
   2.236911E+00   4.055189E+02   5.494138E+01   1.696275E-02
   2.242983E+00   4.045985E+02   5.433931E+01   1.687119E-02
   2.249072E+00   4.036808E+02   5.374386E+01   1.678012E-02
   2.255177E+00   4.027680E+02   5.315452E+01   1.668951E-02
   2.261298E+00   4.018700E+02   5.256929E+01   1.659924E-02
   2.267436E+00   4.009746E+02   5.199052E+01   1.650944E-02
   2.273591E+00   4.000818E+02   5.141814E+01   1.642013E-02
   2.279763E+00   3.991916E+02   5.085208E+01   1.633130E-02
   2.285951E+00   3.983041E+02   5.029227E+01   1.624295E-02
   2.292156E+00   3.974190E+02   4.973864E+01   1.615508E-02
   2.298378E+00   3.965366E+02   4.919113E+01   1.606768E-02
   2.304617E+00   3.956567E+02   4.864966E+01   1.598074E-02
   2.310872E+00   3.947794E+02   4.811417E+01   1.589428E-02
   2.317145E+00   3.939046E+02   4.758459E+01   1.580828E-02
   2.323435E+00   3.930323E+02   4.706086E+01   1.572275E-02
   2.329742E+00   3.921625E+02   4.654290E+01   1.563767E-02
   2.336066E+00   3.912952E+02   4.603067E+01   1.555306E-02
   2.342407E+00   3.904304E+02   4.552409E+01   1.546890E-02
   2.348765E+00   3.895681E+02   4.502310E+01   1.538519E-02
   2.355141E+00   3.887082E+02   4.452764E+01   1.530193E-02
   2.361534E+00   3.878508E+02   4.403765E+01   1.521912E-02
   2.367944E+00   3.869959E+02   4.355307E+01   1.513676E-02
   2.374371E+00   3.861434E+02   4.307383E+01   1.505484E-02
   2.380817E+00   3.852933E+02   4.259988E+01   1.497336E-02
   2.387279E+00   3.844456E+02   4.213116E+01   1.489232E-02
   2.393759E+00   3.836003E+02   4.166762E+01   1.481172E-02
   2.400257E+00   3.827574E+02   4.120919E+01   1.473155E-02
   2.406772E+00   3.819169E+02   4.075581E+01   1.465182E-02
   2.413305E+00   3.810788E+02   4.030744E+01   1.457251E-02
   2.419856E+00   3.802431E+02   3.986402E+01   1.449363E-02
   2.426425E+00   3.794159E+02   3.942408E+01   1.441507E-02
   2.433011E+00   3.786012E+02   3.898675E+01   1.433675E-02
   2.439615E+00   3.777888E+02   3.855428E+01   1.425886E-02
   2.446237E+00   3.769787E+02   3.812662E+01   1.418139E-02
   2.452878E+00   3.761708E+02   3.770371E+01   1.410434E-02
   2.459536E+00   3.753651E+02   3.728552E+01   1.402771E-02
   2.466212E+00   3.745617E+02   3.687197E+01   1.395149E-02
   2.472906E+00   3.737605E+02   3.646302E+01   1.387568E-02
   2.479619E+00   3.729615E+02   3.605862E+01   1.380028E-02
   2.486350E+00   3.721951E+02   3.565993E+01   1.372539E-02
   2.493099E+00   3.714310E+02   3.526567E+01   1.365090E-02
   2.499866E+00   3.706690E+02   3.487579E+01   1.357682E-02
   2.506652E+00   3.699090E+02   3.449023E+01   1.350313E-02
   2.513456E+00   3.691511E+02   3.410894E+01   1.342984E-02
   2.520279E+00   3.683952E+02   3.373187E+01   1.335695E-02
   2.527120E+00   3.676413E+02   3.335899E+01   1.328446E-02
   2.533980E+00   3.668894E+02   3.299024E+01   1.321235E-02
   2.540858E+00   3.661395E+02   3.262557E+01   1.314064E-02
   2.547755E+00   3.653916E+02   3.226495E+01   1.306931E-02
   2.554671E+00   3.646458E+02   3.190832E+01   1.299836E-02
   2.561605E+00   3.639018E+02   3.155565E+01   1.292781E-02
   2.568558E+00   3.631599E+02   3.120688E+01   1.285763E-02
   2.575531E+00   3.624199E+02   3.086198E+01   1.278783E-02
   2.582522E+00   3.616819E+02   3.052089E+01   1.271841E-02
   2.589532E+00   3.609458E+02   3.018359E+01   1.264936E-02
   2.596561E+00   3.602117E+02   2.985002E+01   1.258069E-02
   2.603609E+00   3.594794E+02   2.952015E+01   1.251238E-02
   2.610676E+00   3.587492E+02   2.919394E+01   1.244445E-02
   2.617763E+00   3.580208E+02   2.887133E+01   1.237688E-02
   2.624869E+00   3.572943E+02   2.855230E+01   1.230968E-02
   2.631994E+00   3.565697E+02   2.823681E+01   1.224285E-02
   2.639138E+00   3.558471E+02   2.792481E+01   1.217637E-02
   2.646302E+00   3.551263E+02   2.761626E+01   1.211025E-02
   2.653485E+00   3.544073E+02   2.731113E+01   1.204449E-02
   2.660688E+00   3.536903E+02   2.700938E+01   1.197909E-02
   2.667910E+00   3.529751E+02   2.671098E+01   1.191404E-02
   2.675152E+00   3.522618E+02   2.641587E+01   1.184934E-02
   2.682414E+00   3.515503E+02   2.612404E+01   1.178499E-02
   2.689695E+00   3.508406E+02   2.583544E+01   1.172099E-02
   2.696996E+00   3.501328E+02   2.555003E+01   1.165734E-02
   2.704317E+00   3.494268E+02   2.526778E+01   1.159403E-02
   2.711657E+00   3.487226E+02   2.498866E+01   1.153106E-02
   2.719018E+00   3.480202E+02   2.471263E+01   1.146843E-02
   2.726399E+00   3.473197E+02   2.443965E+01   1.140614E-02
   2.733799E+00   3.466209E+02   2.416970E+01   1.134419E-02
   2.741220E+00   3.459239E+02   2.390273E+01   1.128257E-02
   2.748661E+00   3.452287E+02   2.363872E+01   1.122129E-02
   2.756122E+00   3.445405E+02   2.337732E+01   1.116031E-02
   2.763603E+00   3.438908E+02   2.311666E+01   1.109943E-02
   2.771105E+00   3.432428E+02   2.285890E+01   1.103889E-02
   2.778627E+00   3.425964E+02   2.260403E+01   1.097868E-02
   2.786169E+00   3.419515E+02   2.235200E+01   1.091879E-02
   2.793732E+00   3.413083E+02   2.210279E+01   1.085923E-02
   2.801316E+00   3.406666E+02   2.185636E+01   1.079999E-02
   2.808920E+00   3.400265E+02   2.161268E+01   1.074107E-02
   2.816544E+00   3.393880E+02   2.137173E+01   1.068248E-02
   2.824190E+00   3.387510E+02   2.113347E+01   1.062420E-02
   2.831856E+00   3.381156E+02   2.089787E+01   1.056624E-02
   2.839543E+00   3.374817E+02   2.066490E+01   1.050859E-02
   2.847250E+00   3.368493E+02   2.043454E+01   1.045126E-02
   2.854979E+00   3.362185E+02   2.020675E+01   1.039424E-02
   2.862729E+00   3.355892E+02   1.998150E+01   1.033753E-02
   2.870499E+00   3.349615E+02   1.975876E+01   1.028112E-02
   2.878291E+00   3.343352E+02   1.953852E+01   1.022503E-02
   2.886104E+00   3.337105E+02   1.932073E+01   1.016924E-02
   2.893938E+00   3.330873E+02   1.910538E+01   1.011375E-02
   2.901794E+00   3.324655E+02   1.889243E+01   1.005856E-02
   2.909670E+00   3.318453E+02   1.868186E+01   1.000367E-02
   2.917569E+00   3.312265E+02   1.847364E+01   9.949085E-03
   2.925488E+00   3.306093E+02   1.826775E+01   9.894793E-03
   2.933429E+00   3.299935E+02   1.806415E+01   9.840796E-03
   2.941392E+00   3.293791E+02   1.786283E+01   9.787093E-03
   2.949376E+00   3.287663E+02   1.766375E+01   9.733681E-03
   2.957382E+00   3.281549E+02   1.746690E+01   9.680560E-03
   2.965410E+00   3.275449E+02   1.727225E+01   9.627728E-03
   2.973459E+00   3.269364E+02   1.707976E+01   9.575183E-03
   2.981530E+00   3.263294E+02   1.688943E+01   9.522924E-03
   2.989623E+00   3.257237E+02   1.670122E+01   9.470948E-03
   2.997739E+00   3.251195E+02   1.651512E+01   9.419256E-03
   3.005876E+00   3.245168E+02   1.633109E+01   9.367844E-03
   3.014035E+00   3.239154E+02   1.614911E+01   9.316712E-03
   3.022216E+00   3.233155E+02   1.596917E+01   9.265858E-03
   3.030420E+00   3.227169E+02   1.579123E+01   9.215280E-03
   3.038646E+00   3.221198E+02   1.561528E+01   9.164978E-03
   3.046894E+00   3.215241E+02   1.544130E+01   9.114949E-03
   3.055165E+00   3.209298E+02   1.526925E+01   9.065192E-03
   3.063458E+00   3.203368E+02   1.509913E+01   9.015706E-03
   3.071773E+00   3.197453E+02   1.493090E+01   8.966488E-03
   3.080112E+00   3.191551E+02   1.476455E+01   8.917539E-03
   3.088472E+00   3.185663E+02   1.460006E+01   8.868856E-03
   3.096856E+00   3.179788E+02   1.443741E+01   8.820437E-03
   3.105262E+00   3.174570E+02   1.427599E+01   8.772205E-03
   3.113691E+00   3.169675E+02   1.411610E+01   8.724199E-03
   3.122143E+00   3.164791E+02   1.395801E+01   8.676455E-03
   3.130618E+00   3.159916E+02   1.380169E+01   8.628971E-03
   3.139116E+00   3.155052E+02   1.364712E+01   8.581746E-03
   3.147637E+00   3.150198E+02   1.349429E+01   8.534778E-03
   3.156181E+00   3.145355E+02   1.334317E+01   8.488067E-03
   3.164748E+00   3.140521E+02   1.319374E+01   8.441610E-03
   3.173338E+00   3.135698E+02   1.304599E+01   8.395407E-03
   3.181952E+00   3.130884E+02   1.289990E+01   8.349456E-03
   3.190589E+00   3.126081E+02   1.275545E+01   8.303755E-03
   3.199250E+00   3.121287E+02   1.261262E+01   8.258303E-03
   3.207934E+00   3.116504E+02   1.247138E+01   8.213100E-03
   3.216642E+00   3.111730E+02   1.233174E+01   8.168143E-03
   3.225373E+00   3.106966E+02   1.219365E+01   8.123431E-03
   3.234129E+00   3.102212E+02   1.205712E+01   8.078963E-03
   3.242907E+00   3.097468E+02   1.192212E+01   8.034738E-03
   3.251710E+00   3.092734E+02   1.178863E+01   7.990754E-03
   3.260537E+00   3.088009E+02   1.165664E+01   7.947009E-03
   3.269387E+00   3.082925E+02   1.152559E+01   7.903430E-03
   3.278262E+00   3.077729E+02   1.139585E+01   7.860065E-03
   3.287160E+00   3.072544E+02   1.126757E+01   7.816938E-03
   3.296083E+00   3.067371E+02   1.114074E+01   7.774046E-03
   3.305030E+00   3.062209E+02   1.101533E+01   7.731388E-03
   3.314001E+00   3.057058E+02   1.089134E+01   7.688964E-03
   3.322997E+00   3.051918E+02   1.076874E+01   7.646772E-03
   3.332017E+00   3.046788E+02   1.064753E+01   7.604810E-03
   3.341062E+00   3.041670E+02   1.052768E+01   7.563079E-03
   3.350131E+00   3.036563E+02   1.040919E+01   7.521575E-03
   3.359225E+00   3.031467E+02   1.029202E+01   7.480298E-03
   3.368343E+00   3.026381E+02   1.017618E+01   7.439247E-03
   3.377486E+00   3.021306E+02   1.006165E+01   7.398421E-03
   3.386654E+00   3.016242E+02   9.948399E+00   7.357818E-03
   3.395847E+00   3.011189E+02   9.836428E+00   7.317437E-03
   3.405065E+00   3.006000E+02   9.725410E+00   7.277230E-03
   3.414308E+00   3.000593E+02   9.615164E+00   7.237170E-03
   3.423576E+00   2.995198E+02   9.506169E+00   7.197330E-03
   3.432869E+00   2.989814E+02   9.398410E+00   7.157708E-03
   3.442187E+00   2.984442E+02   9.291873E+00   7.118304E-03
   3.451531E+00   2.979082E+02   9.186544E+00   7.079116E-03
   3.460899E+00   2.973734E+02   9.082411E+00   7.040143E-03
   3.470294E+00   2.968398E+02   8.979458E+00   7.001384E-03
   3.479714E+00   2.963073E+02   8.877673E+00   6.962838E-03
   3.489159E+00   2.957760E+02   8.777042E+00   6.924503E-03
   3.498630E+00   2.952458E+02   8.677553E+00   6.886379E-03
   3.508127E+00   2.947169E+02   8.579192E+00   6.848464E-03
   3.517650E+00   2.941890E+02   8.481947E+00   6.810757E-03
   3.527198E+00   2.936623E+02   8.385805E+00   6.773257E-03
   3.536773E+00   2.931368E+02   8.290753E+00   6.735964E-03
   3.546373E+00   2.926124E+02   8.196779E+00   6.698874E-03
   3.555999E+00   2.920891E+02   8.103870E+00   6.661989E-03
   3.565652E+00   2.915669E+02   8.012015E+00   6.625306E-03
   3.575331E+00   2.910459E+02   7.921202E+00   6.588824E-03
   3.585036E+00   2.905260E+02   7.831419E+00   6.552543E-03
   3.594767E+00   2.900073E+02   7.742654E+00   6.516460E-03
   3.604525E+00   2.894896E+02   7.654895E+00   6.480576E-03
   3.614309E+00   2.889731E+02   7.568132E+00   6.444889E-03
   3.624120E+00   2.884576E+02   7.482352E+00   6.409398E-03
   3.633957E+00   2.879433E+02   7.397545E+00   6.374102E-03
   3.643821E+00   2.874301E+02   7.313700E+00   6.338999E-03
   3.653712E+00   2.869185E+02   7.230213E+00   6.303984E-03
   3.663630E+00   2.864083E+02   7.147452E+00   6.269122E-03
   3.673575E+00   2.858992E+02   7.065637E+00   6.234451E-03
   3.683547E+00   2.853911E+02   6.984759E+00   6.199972E-03
   3.693545E+00   2.848841E+02   6.904807E+00   6.165683E-03
   3.703571E+00   2.843782E+02   6.825770E+00   6.131583E-03
   3.713624E+00   2.838734E+02   6.747637E+00   6.097672E-03
   3.723705E+00   2.833696E+02   6.670399E+00   6.063947E-03
   3.733812E+00   2.828669E+02   6.594045E+00   6.030409E-03
   3.743948E+00   2.823653E+02   6.518564E+00   5.997055E-03
   3.754110E+00   2.818647E+02   6.443948E+00   5.963885E-03
   3.764301E+00   2.813652E+02   6.370185E+00   5.930899E-03
   3.774519E+00   2.808667E+02   6.297267E+00   5.898094E-03
   3.784764E+00   2.803693E+02   6.225183E+00   5.865471E-03
   3.795038E+00   2.798729E+02   6.153924E+00   5.833027E-03
   3.805339E+00   2.793776E+02   6.083480E+00   5.800762E-03
   3.815669E+00   2.788833E+02   6.013843E+00   5.768676E-03
   3.826026E+00   2.783900E+02   5.945003E+00   5.736766E-03
   3.836412E+00   2.778978E+02   5.876951E+00   5.705033E-03
   3.846825E+00   2.774066E+02   5.809677E+00   5.673474E-03
   3.857267E+00   2.769164E+02   5.743173E+00   5.642090E-03
   3.867738E+00   2.764273E+02   5.677431E+00   5.610879E-03
   3.878236E+00   2.759441E+02   5.612146E+00   5.579781E-03
   3.888764E+00   2.754709E+02   5.547083E+00   5.548748E-03
   3.899319E+00   2.749987E+02   5.482774E+00   5.517888E-03
   3.909904E+00   2.745274E+02   5.419210E+00   5.487198E-03
   3.920517E+00   2.740571E+02   5.356382E+00   5.456680E-03
   3.931159E+00   2.735877E+02   5.294281E+00   5.426330E-03
   3.941830E+00   2.731193E+02   5.232900E+00   5.396149E-03
   3.952530E+00   2.726518E+02   5.172230E+00   5.366135E-03
   3.963259E+00   2.721853E+02   5.112262E+00   5.336288E-03
   3.974017E+00   2.717197E+02   5.052989E+00   5.306607E-03
   3.984804E+00   2.712550E+02   4.994402E+00   5.277091E-03
   3.995620E+00   2.707913E+02   4.936494E+00   5.247738E-03
   4.006466E+00   2.703285E+02   4.879256E+00   5.218548E-03
   4.017342E+00   2.698666E+02   4.822681E+00   5.189520E-03
   4.028246E+00   2.694057E+02   4.766762E+00   5.160654E-03
   4.039181E+00   2.689457E+02   4.711490E+00   5.131948E-03
   4.050145E+00   2.684866E+02   4.656858E+00   5.103401E-03
   4.061139E+00   2.680284E+02   4.602859E+00   5.075012E-03
   4.072162E+00   2.675712E+02   4.549485E+00   5.046781E-03
   4.083216E+00   2.671148E+02   4.496730E+00   5.018707E-03
   4.094300E+00   2.666594E+02   4.444586E+00   4.990789E-03
   4.105413E+00   2.662048E+02   4.393045E+00   4.963025E-03
   4.116557E+00   2.657512E+02   4.342102E+00   4.935416E-03
   4.127732E+00   2.652984E+02   4.291748E+00   4.907960E-03
   4.138936E+00   2.648236E+02   4.241542E+00   4.880558E-03
   4.150171E+00   2.643309E+02   4.191565E+00   4.853228E-03
   4.161436E+00   2.638391E+02   4.142176E+00   4.826051E-03
   4.172732E+00   2.633484E+02   4.093368E+00   4.799026E-03
   4.184059E+00   2.628587E+02   4.045133E+00   4.772152E-03
   4.195416E+00   2.623701E+02   3.997465E+00   4.745428E-03
   4.206804E+00   2.618824E+02   3.950357E+00   4.718853E-03
   4.218224E+00   2.613958E+02   3.903803E+00   4.692428E-03
   4.229674E+00   2.609102E+02   3.857796E+00   4.666150E-03
   4.241155E+00   2.604256E+02   3.812330E+00   4.640019E-03
   4.252667E+00   2.599421E+02   3.767398E+00   4.614034E-03
   4.264211E+00   2.594595E+02   3.722995E+00   4.588194E-03
   4.275786E+00   2.589779E+02   3.679114E+00   4.562499E-03
   4.287392E+00   2.584973E+02   3.635748E+00   4.536948E-03
   4.299030E+00   2.580178E+02   3.592892E+00   4.511539E-03
   4.310699E+00   2.575392E+02   3.550541E+00   4.486273E-03
   4.322401E+00   2.570616E+02   3.508687E+00   4.461148E-03
   4.334133E+00   2.565850E+02   3.467325E+00   4.436164E-03
   4.345898E+00   2.561094E+02   3.426449E+00   4.411319E-03
   4.357695E+00   2.556348E+02   3.386054E+00   4.386613E-03
   4.369523E+00   2.551611E+02   3.346134E+00   4.362046E-03
   4.381384E+00   2.546885E+02   3.306683E+00   4.337615E-03
   4.393277E+00   2.542168E+02   3.267696E+00   4.313322E-03
   4.405203E+00   2.537460E+02   3.229168E+00   4.289164E-03
   4.417160E+00   2.532763E+02   3.191092E+00   4.265142E-03
   4.429150E+00   2.528140E+02   3.153378E+00   4.241231E-03
   4.441173E+00   2.524141E+02   3.115297E+00   4.217238E-03
   4.453228E+00   2.520150E+02   3.077673E+00   4.193381E-03
   4.465316E+00   2.516166E+02   3.040502E+00   4.169659E-03
   4.477437E+00   2.512189E+02   3.003778E+00   4.146072E-03
   4.489591E+00   2.508219E+02   2.967494E+00   4.122617E-03
   4.501778E+00   2.504256E+02   2.931647E+00   4.099296E-03
   4.513997E+00   2.500300E+02   2.896231E+00   4.076106E-03
   4.526250E+00   2.496350E+02   2.861241E+00   4.053047E-03
   4.538537E+00   2.492408E+02   2.826671E+00   4.030119E-03
   4.550856E+00   2.488473E+02   2.792517E+00   4.007321E-03
   4.563209E+00   2.484545E+02   2.758773E+00   3.984651E-03
   4.575596E+00   2.480624E+02   2.725435E+00   3.962110E-03
   4.588016E+00   2.476710E+02   2.692498E+00   3.939697E-03
   4.600470E+00   2.472802E+02   2.659957E+00   3.917410E-03
   4.612957E+00   2.468902E+02   2.627808E+00   3.895249E-03
   4.625479E+00   2.465008E+02   2.596044E+00   3.873213E-03
   4.638035E+00   2.461121E+02   2.564663E+00   3.851302E-03
   4.650624E+00   2.457241E+02   2.533659E+00   3.829515E-03
   4.663248E+00   2.453368E+02   2.503029E+00   3.807852E-03
   4.675906E+00   2.449501E+02   2.472766E+00   3.786311E-03
   4.688599E+00   2.445641E+02   2.442868E+00   3.764891E-03
   4.701326E+00   2.441788E+02   2.413329E+00   3.743593E-03
   4.714087E+00   2.437942E+02   2.384145E+00   3.722416E-03
   4.726883E+00   2.434102E+02   2.355313E+00   3.701358E-03
   4.739714E+00   2.430269E+02   2.326827E+00   3.680419E-03
   4.752580E+00   2.426443E+02   2.298684E+00   3.659599E-03
   4.765480E+00   2.422623E+02   2.270880E+00   3.638896E-03
   4.778416E+00   2.419533E+02   2.242822E+00   3.618129E-03
   4.791387E+00   2.416678E+02   2.214921E+00   3.597423E-03
   4.804392E+00   2.413826E+02   2.187365E+00   3.576835E-03
   4.817434E+00   2.410979E+02   2.160148E+00   3.556366E-03
   4.830510E+00   2.408135E+02   2.133267E+00   3.536014E-03
   4.843622E+00   2.405295E+02   2.106718E+00   3.515778E-03
   4.856770E+00   2.402459E+02   2.080497E+00   3.495659E-03
   4.869954E+00   2.399626E+02   2.054599E+00   3.475654E-03
   4.883173E+00   2.396797E+02   2.029021E+00   3.455765E-03
   4.896428E+00   2.393972E+02   2.003759E+00   3.435989E-03
   4.909719E+00   2.391150E+02   1.978808E+00   3.416327E-03
   4.923046E+00   2.388332E+02   1.954166E+00   3.396778E-03
   4.936409E+00   2.385518E+02   1.929827E+00   3.377340E-03
   4.949809E+00   2.382707E+02   1.905790E+00   3.358014E-03
   4.963245E+00   2.379900E+02   1.882049E+00   3.338799E-03
   4.976717E+00   2.377096E+02   1.858602E+00   3.319694E-03
   4.990226E+00   2.374296E+02   1.835444E+00   3.300698E-03
   5.003772E+00   2.371731E+02   1.812447E+00   3.281769E-03
   5.017354E+00   2.369646E+02   1.789480E+00   3.262861E-03
   5.030974E+00   2.367564E+02   1.766800E+00   3.244063E-03
   5.044630E+00   2.365484E+02   1.744405E+00   3.225373E-03
   5.058323E+00   2.363405E+02   1.722291E+00   3.206791E-03
   5.072054E+00   2.361328E+02   1.700455E+00   3.188316E-03
   5.085822E+00   2.359254E+02   1.678892E+00   3.169948E-03
   5.099627E+00   2.357181E+02   1.657599E+00   3.151687E-03
   5.113469E+00   2.355110E+02   1.636574E+00   3.133530E-03
   5.127350E+00   2.353041E+02   1.615813E+00   3.115479E-03
   5.141267E+00   2.350973E+02   1.595312E+00   3.097532E-03
   5.155223E+00   2.348908E+02   1.575068E+00   3.079688E-03
   5.169217E+00   2.347160E+02   1.554945E+00   3.061899E-03
   5.183248E+00   2.346472E+02   1.534633E+00   3.044052E-03
   5.197318E+00   2.345784E+02   1.514583E+00   3.026308E-03
   5.211425E+00   2.345096E+02   1.494790E+00   3.008669E-03
   5.225572E+00   2.344407E+02   1.475253E+00   2.991133E-03
   5.239756E+00   2.343719E+02   1.455967E+00   2.973700E-03
   5.253979E+00   2.343030E+02   1.436929E+00   2.956369E-03
   5.268241E+00   2.342341E+02   1.418137E+00   2.939139E-03
   5.282541E+00   2.341653E+02   1.399586E+00   2.922010E-03
   5.296880E+00   2.340963E+02   1.381275E+00   2.904982E-03
   5.311258E+00   2.340274E+02   1.363200E+00   2.888054E-03
   5.325675E+00   2.339585E+02   1.345357E+00   2.871224E-03
   5.340131E+00   2.338895E+02   1.327745E+00   2.854493E-03
   5.354627E+00   2.338205E+02   1.310360E+00   2.837860E-03
   5.369162E+00   2.337515E+02   1.293199E+00   2.821325E-03
   5.383736E+00   2.336825E+02   1.276260E+00   2.804886E-03
   5.398350E+00   2.336135E+02   1.259539E+00   2.788544E-03
   5.413003E+00   2.335444E+02   1.243033E+00   2.772297E-03
   5.427697E+00   2.334753E+02   1.226741E+00   2.756146E-03
   5.442430E+00   2.334062E+02   1.210659E+00   2.740089E-03
   5.457203E+00   2.333371E+02   1.194785E+00   2.724126E-03
   5.472016E+00   2.332679E+02   1.179115E+00   2.708256E-03
   5.486870E+00   2.331987E+02   1.163648E+00   2.692480E-03
   5.501763E+00   2.331295E+02   1.148381E+00   2.676796E-03
   5.516698E+00   2.331126E+02   1.133120E+00   2.661124E-03
   5.531672E+00   2.331675E+02   1.117798E+00   2.645437E-03
   5.546688E+00   2.332222E+02   1.102680E+00   2.629843E-03
   5.561744E+00   2.332769E+02   1.087762E+00   2.614341E-03
   5.576841E+00   2.333315E+02   1.073041E+00   2.598932E-03
   5.591979E+00   2.333861E+02   1.058516E+00   2.583614E-03
   5.607158E+00   2.334405E+02   1.044184E+00   2.568388E-03
   5.622378E+00   2.334949E+02   1.030042E+00   2.553251E-03
   5.637640E+00   2.335637E+02   1.016033E+00   2.538181E-03
   5.652943E+00   2.337283E+02   1.001853E+00   2.523046E-03
   5.668287E+00   2.338930E+02   9.878661E-01   2.508002E-03
   5.683674E+00   2.340576E+02   9.740696E-01   2.493048E-03
   5.699102E+00   2.342221E+02   9.604610E-01   2.478185E-03
   5.714571E+00   2.343866E+02   9.470377E-01   2.463411E-03
   5.730083E+00   2.345511E+02   9.337974E-01   2.448727E-03
   5.745637E+00   2.347156E+02   9.207375E-01   2.434131E-03
   5.761233E+00   2.348800E+02   9.078556E-01   2.419623E-03
   5.776872E+00   2.350444E+02   8.951494E-01   2.405202E-03
   5.792553E+00   2.352087E+02   8.826166E-01   2.390868E-03
   5.808276E+00   2.353730E+02   8.702548E-01   2.376620E-03
   5.824043E+00   2.355373E+02   8.580617E-01   2.362459E-03
   5.839852E+00   2.357015E+02   8.460352E-01   2.348382E-03
   5.855704E+00   2.358657E+02   8.341729E-01   2.334390E-03
   5.871598E+00   2.360298E+02   8.224728E-01   2.320483E-03
   5.887537E+00   2.361939E+02   8.109325E-01   2.306659E-03
   5.903518E+00   2.363580E+02   7.995501E-01   2.292919E-03
   5.919543E+00   2.366183E+02   7.878878E-01   2.279055E-03
   5.935611E+00   2.368817E+02   7.763766E-01   2.265270E-03
   5.951723E+00   2.371452E+02   7.650281E-01   2.251570E-03
   5.967878E+00   2.374087E+02   7.538400E-01   2.237954E-03
   5.984078E+00   2.376722E+02   7.428101E-01   2.224422E-03
   6.000321E+00   2.379358E+02   7.319363E-01   2.210972E-03
   6.016609E+00   2.381994E+02   7.212163E-01   2.197606E-03
   6.032940E+00   2.384631E+02   7.106482E-01   2.184321E-03
   6.049316E+00   2.387268E+02   7.002298E-01   2.171118E-03
   6.065737E+00   2.389905E+02   6.899590E-01   2.157995E-03
   6.082202E+00   2.392543E+02   6.798339E-01   2.144954E-03
   6.098712E+00   2.395182E+02   6.698524E-01   2.131992E-03
   6.115266E+00   2.397820E+02   6.600125E-01   2.119110E-03
   6.131866E+00   2.400459E+02   6.503124E-01   2.106307E-03
   6.148510E+00   2.403099E+02   6.407500E-01   2.093583E-03
   6.165200E+00   2.405738E+02   6.313235E-01   2.080936E-03
   6.181935E+00   2.408378E+02   6.220311E-01   2.068367E-03
   6.198716E+00   2.411019E+02   6.128708E-01   2.055876E-03
   6.215542E+00   2.412798E+02   6.033764E-01   2.043225E-03
   6.232413E+00   2.414549E+02   5.940087E-01   2.030647E-03
   6.249331E+00   2.416297E+02   5.847799E-01   2.018148E-03
   6.266294E+00   2.418042E+02   5.756879E-01   2.005728E-03
   6.283304E+00   2.419785E+02   5.667308E-01   1.993386E-03
   6.300359E+00   2.421525E+02   5.579067E-01   1.981122E-03
   6.317461E+00   2.423262E+02   5.492137E-01   1.968935E-03
   6.334610E+00   2.424996E+02   5.406498E-01   1.956824E-03
   6.351805E+00   2.426728E+02   5.322133E-01   1.944790E-03
   6.369046E+00   2.427836E+02   5.236751E-01   1.932711E-03
   6.386335E+00   2.428578E+02   5.151358E-01   1.920639E-03
   6.403670E+00   2.429314E+02   5.067278E-01   1.908644E-03
   6.421052E+00   2.430046E+02   4.984493E-01   1.896727E-03
   6.438482E+00   2.430772E+02   4.902982E-01   1.884886E-03
   6.455959E+00   2.431493E+02   4.822728E-01   1.873122E-03
   6.473483E+00   2.432209E+02   4.743713E-01   1.861433E-03
   6.491055E+00   2.432919E+02   4.665918E-01   1.849819E-03
   6.508674E+00   2.433624E+02   4.589325E-01   1.838280E-03
   6.526342E+00   2.434296E+02   4.513679E-01   1.826801E-03
   6.544057E+00   2.434400E+02   4.434681E-01   1.815139E-03
   6.561821E+00   2.434497E+02   4.356964E-01   1.803555E-03
   6.579632E+00   2.434586E+02   4.280509E-01   1.792048E-03
   6.597492E+00   2.434667E+02   4.205297E-01   1.780617E-03
   6.615401E+00   2.434739E+02   4.131308E-01   1.769262E-03
   6.633358E+00   2.434804E+02   4.058525E-01   1.757982E-03
   6.651364E+00   2.434861E+02   3.986929E-01   1.746777E-03
   6.669418E+00   2.434910E+02   3.916502E-01   1.735646E-03
   6.687522E+00   2.434951E+02   3.847225E-01   1.724590E-03
   6.705675E+00   2.434939E+02   3.777729E-01   1.713525E-03
   6.723877E+00   2.434746E+02   3.704408E-01   1.702232E-03
   6.742129E+00   2.434541E+02   3.632370E-01   1.691018E-03
   6.760430E+00   2.434323E+02   3.561595E-01   1.679883E-03
   6.778781E+00   2.434093E+02   3.492064E-01   1.668825E-03
   6.797181E+00   2.433850E+02   3.423756E-01   1.657844E-03
   6.815632E+00   2.433594E+02   3.356651E-01   1.646940E-03
   6.834132E+00   2.433326E+02   3.290731E-01   1.636112E-03
   6.852683E+00   2.433045E+02   3.225976E-01   1.625359E-03
   6.871284E+00   2.432752E+02   3.162368E-01   1.614681E-03
   6.889936E+00   2.432446E+02   3.099888E-01   1.604078E-03
   6.908638E+00   2.432127E+02   3.038517E-01   1.593548E-03
   6.927391E+00   2.434661E+02   2.971261E-01   1.582627E-03
   6.946195E+00   2.437597E+02   2.904296E-01   1.571721E-03
   6.965050E+00   2.440516E+02   2.838642E-01   1.560896E-03
   6.983957E+00   2.443416E+02   2.774277E-01   1.550153E-03
   7.002914E+00   2.446298E+02   2.711177E-01   1.539491E-03
   7.021923E+00   2.449162E+02   2.649323E-01   1.528909E-03
   7.040984E+00   2.452007E+02   2.588691E-01   1.518406E-03
   7.060096E+00   2.454833E+02   2.529262E-01   1.507983E-03
   7.079260E+00   2.457641E+02   2.471013E-01   1.497637E-03
   7.098476E+00   2.468723E+02   2.407816E-01   1.486917E-03
   7.117745E+00   2.483207E+02   2.343559E-01   1.476102E-03
   7.137066E+00   2.497739E+02   2.280741E-01   1.465377E-03
   7.156439E+00   2.512317E+02   2.219335E-01   1.454741E-03
   7.175864E+00   2.526942E+02   2.159316E-01   1.444192E-03
   7.195343E+00   2.541614E+02   2.100657E-01   1.433730E-03
   7.214874E+00   2.556333E+02   2.043334E-01   1.423355E-03
   7.234458E+00   2.571098E+02   1.987321E-01   1.413064E-03
   7.254096E+00   2.585910E+02   1.932594E-01   1.402859E-03
   7.273787E+00   2.600767E+02   1.879128E-01   1.392737E-03
   7.293531E+00   2.616232E+02   1.826693E-01   1.382681E-03
   7.313329E+00   2.662912E+02   1.764382E-01   1.371754E-03
   7.333180E+00   2.710345E+02   1.703836E-01   1.360932E-03
   7.353086E+00   2.758543E+02   1.645022E-01   1.350213E-03
   7.373045E+00   2.807516E+02   1.587905E-01   1.339596E-03
   7.393059E+00   2.857276E+02   1.532451E-01   1.329080E-03
   7.413127E+00   2.907834E+02   1.478628E-01   1.318664E-03
   7.433250E+00   2.959201E+02   1.426402E-01   1.308347E-03
   7.453427E+00   3.011388E+02   1.375743E-01   1.298127E-03
   7.473658E+00   3.064408E+02   1.326619E-01   1.288003E-03
   7.493945E+00   3.118271E+02   1.278998E-01   1.277974E-03
   7.514287E+00   3.173285E+02   1.232817E-01   1.268036E-03
   7.534684E+00   3.287466E+02   1.181983E-01   1.257415E-03
   7.555137E+00   3.405609E+02   1.133237E-01   1.246903E-03
   7.575645E+00   3.527844E+02   1.086551E-01   1.236498E-03
   7.596208E+00   3.654312E+02   1.041900E-01   1.226199E-03
   7.616828E+00   3.785152E+02   9.992595E-02   1.216003E-03
   7.637503E+00   3.920514E+02   9.586068E-02   1.205908E-03
   7.658235E+00   4.060548E+02   9.199208E-02   1.195913E-03
   7.679022E+00   4.205412E+02   8.831825E-02   1.186015E-03
   7.699867E+00   4.355270E+02   8.483745E-02   1.176214E-03
   7.720767E+00   4.510290E+02   8.154814E-02   1.166506E-03
   7.741725E+00   4.670645E+02   7.844899E-02   1.156889E-03
   7.762739E+00   4.861966E+02   7.547495E-02   1.147129E-03
   7.783811E+00   5.075014E+02   7.269674E-02   1.137336E-03
   7.804940E+00   5.297176E+02   7.015840E-02   1.127632E-03
   7.826126E+00   5.525481E+02   6.786213E-02   7.423724E-04
   7.847369E+00   5.766920E+02   6.581076E-02   7.345978E-04
   7.868670E+00   6.018689E+02   6.400770E-02   7.268967E-04
   7.890029E+00   6.281235E+02   6.245705E-02   7.192660E-04
   7.911446E+00   6.555024E+02   6.116366E-02   7.117023E-04
   7.932921E+00   6.840548E+02   6.013316E-02   7.042022E-04
   7.954455E+00   7.138322E+02   5.937204E-02   6.967620E-04
   7.976047E+00   7.448887E+02   5.888774E-02   6.893780E-04
   7.997697E+00   7.772813E+02   5.868869E-02   6.820463E-04
   8.019407E+00   8.088785E+02   5.922410E-02   6.756793E-04
   8.041175E+00   8.416252E+02   6.002124E-02   6.693903E-04
   8.063002E+00   8.757084E+02   6.106180E-02   6.631180E-04
   8.084888E+00   9.111862E+02   6.235805E-02   6.568586E-04
   8.106834E+00   9.481199E+02   6.392350E-02   6.506082E-04
   8.128840E+00   9.865742E+02   6.577297E-02   6.443625E-04
   8.150905E+00   1.026617E+03   6.792277E-02   6.381171E-04
   8.173030E+00   1.068321E+03   7.039076E-02   6.318672E-04
   8.195215E+00   1.111762E+03   7.319660E-02   6.256077E-04
   8.217461E+00   1.157021E+03   7.636187E-02   6.193330E-04
   8.239767E+00   1.204856E+03   7.991030E-02   9.550876E-04
   8.262133E+00   1.254036E+03   8.386795E-02   9.469930E-04
   8.284560E+00   1.291848E+03   8.724005E-02   9.400554E-04
   8.307048E+00   1.328331E+03   9.064902E-02   9.333199E-04
   8.329597E+00   1.365900E+03   9.427380E-02   9.265675E-04
   8.352207E+00   1.404591E+03   9.812609E-02   9.197949E-04
   8.374879E+00   1.444443E+03   1.022184E-01   9.129989E-04
   8.397612E+00   1.476539E+03   1.054753E-01   9.065621E-04
   8.420407E+00   1.508308E+03   1.087534E-01   9.001655E-04
   8.443263E+00   1.540809E+03   1.121822E-01   8.937626E-04
   8.466182E+00   1.574060E+03   1.157681E-01   8.873516E-04
   8.489163E+00   1.608083E+03   1.195177E-01   8.809306E-04
   8.512206E+00   1.639032E+03   1.227407E-01   8.744115E-04
   8.535312E+00   1.670061E+03   1.260004E-01   8.678823E-04
   8.558481E+00   1.701730E+03   1.293993E-01   8.613548E-04
   8.581712E+00   1.734055E+03   1.329420E-01   8.548278E-04
   8.605007E+00   1.767052E+03   1.366337E-01   8.482996E-04
   8.628364E+00   1.802092E+03   1.405564E-01   8.415470E-04
   8.651786E+00   1.838273E+03   1.446791E-01   8.347318E-04
   8.675270E+00   1.875258E+03   1.489899E-01   8.279128E-04
   8.698819E+00   1.913068E+03   1.534960E-01   8.210880E-04
   8.722431E+00   1.951727E+03   1.582052E-01   8.142555E-04
   8.746108E+00   1.993493E+03   1.635233E-01   8.073771E-04
   8.769848E+00   2.037622E+03   1.693350E-01   8.004544E-04
   8.793654E+00   2.082847E+03   1.754230E-01   7.935041E-04
   8.817524E+00   2.129198E+03   1.818006E-01   7.865231E-04
   8.841458E+00   2.176711E+03   1.884815E-01   7.795084E-04
   8.865458E+00   2.225521E+03   1.956310E-01   7.726110E-04
   8.889522E+00   2.275704E+03   2.033510E-01   7.658997E-04
   8.913653E+00   2.327135E+03   2.114286E-01   7.591289E-04
   8.937848E+00   2.379845E+03   2.198823E-01   7.522944E-04
   8.962109E+00   2.433865E+03   2.287316E-01   7.453924E-04
   8.986436E+00   2.488713E+03   2.379518E-01   7.384940E-04
   9.010830E+00   2.539236E+03   2.470861E-01   7.323253E-04
   9.035289E+00   2.590746E+03   2.565954E-01   7.260773E-04
   9.059815E+00   2.643244E+03   2.664958E-01   7.197459E-04
   9.084407E+00   2.696732E+03   2.768041E-01   7.133267E-04
   9.109066E+00   2.751207E+03   2.875375E-01   7.068154E-04
   9.133792E+00   2.797107E+03   2.973054E-01   7.011285E-04
   9.158585E+00   2.839276E+03   3.067789E-01   6.957636E-04
   9.183446E+00   2.881662E+03   3.165401E-01   6.903282E-04
   9.208373E+00   2.924227E+03   3.265936E-01   6.848191E-04
   9.233369E+00   2.966930E+03   3.369438E-01   6.792332E-04
   9.258432E+00   3.005515E+03   3.468304E-01   6.739142E-04
   9.283564E+00   3.030099E+03   3.544220E-01   6.696763E-04
   9.308764E+00   3.054132E+03   3.621363E-01   6.654090E-04
   9.334032E+00   3.077574E+03   3.699684E-01   6.611110E-04
   9.359368E+00   3.100384E+03   3.779128E-01   6.567807E-04
   9.384774E+00   3.122522E+03   3.859640E-01   6.524167E-04
   9.410248E+00   3.132091E+03   3.915167E-01   6.489583E-04
   9.435792E+00   3.135463E+03   3.959093E-01   6.459345E-04
   9.461404E+00   3.138004E+03   4.003040E-01   6.429250E-04
   9.487087E+00   3.139704E+03   4.046956E-01   6.399296E-04
   9.512839E+00   3.140556E+03   4.090784E-01   6.369480E-04
   9.538661E+00   3.139918E+03   4.132699E-01   6.340292E-04
   9.564553E+00   3.127727E+03   4.144207E-01   6.319780E-04
   9.590516E+00   3.114934E+03   4.155536E-01   6.299646E-04
   9.616548E+00   3.101548E+03   4.166662E-01   6.279893E-04
   9.642652E+00   3.087578E+03   4.177562E-01   6.260520E-04
   9.668826E+00   3.072353E+03   4.185376E-01   6.242013E-04
   9.695072E+00   3.053697E+03   4.178878E-01   6.225788E-04
   9.721388E+00   3.034276E+03   4.166873E-01   6.209835E-04
   9.747777E+00   3.014597E+03   4.154886E-01   6.194251E-04
   9.774236E+00   2.994670E+03   4.142909E-01   6.179035E-04
   9.800768E+00   2.974504E+03   4.130932E-01   6.164188E-04
   9.827371E+00   2.954107E+03   4.118947E-01   6.149710E-04
   9.854047E+00   2.934887E+03   4.104686E-01   6.133574E-04
   9.880795E+00   2.916767E+03   4.088388E-01   6.115909E-04
   9.907616E+00   2.898513E+03   4.072093E-01   6.098521E-04
   9.934510E+00   2.880128E+03   4.055796E-01   6.081409E-04
   9.961476E+00   2.861620E+03   4.039493E-01   6.064572E-04
   9.988516E+00   2.842992E+03   4.023182E-01   6.048010E-04
   1.001563E+01   2.826151E+03   4.009904E-01   6.029436E-04
   1.004282E+01   2.810318E+03   3.998353E-01   6.009722E-04
   1.007008E+01   2.794346E+03   3.986668E-01   5.990239E-04
   1.009741E+01   2.778238E+03   3.974845E-01   5.970986E-04
   1.012482E+01   2.762001E+03   3.962885E-01   5.951962E-04
   1.015230E+01   2.745638E+03   3.950784E-01   5.933166E-04
   1.017986E+01   2.727932E+03   3.940899E-01   5.916381E-04
   1.020749E+01   2.709341E+03   3.932232E-01   5.900936E-04
   1.023520E+01   2.690595E+03   3.923357E-01   5.885770E-04
   1.026298E+01   2.671701E+03   3.914273E-01   5.870884E-04
   1.029084E+01   2.652666E+03   3.904978E-01   5.856277E-04
   1.031878E+01   2.633496E+03   3.895469E-01   5.841949E-04
   1.034679E+01   2.609129E+03   3.878244E-01   5.835047E-04
   1.037487E+01   2.580233E+03   3.854460E-01   5.834979E-04
   1.040303E+01   2.551396E+03   3.830944E-01   5.835393E-04
   1.043127E+01   2.522624E+03   3.807687E-01   5.836290E-04
   1.045959E+01   2.493927E+03   3.784681E-01   5.837673E-04
   1.048798E+01   2.465310E+03   3.761917E-01   5.839543E-04
   1.051645E+01   2.434772E+03   3.731952E-01   5.845032E-04
   1.054499E+01   2.400359E+03   3.687562E-01   5.857391E-04
   1.057362E+01   2.366279E+03   3.644318E-01   5.870165E-04
   1.060232E+01   2.332532E+03   3.602188E-01   5.883358E-04
   1.063110E+01   2.299116E+03   3.561137E-01   5.896971E-04
   1.065996E+01   2.266032E+03   3.521136E-01   5.911008E-04
   1.068889E+01   2.233337E+03   3.481933E-01   5.925358E-04
   1.071791E+01   2.203683E+03   3.433658E-01   5.934758E-04
   1.074700E+01   2.174341E+03   3.386601E-01   5.944304E-04
   1.077617E+01   2.145306E+03   3.340725E-01   5.953997E-04
   1.080542E+01   2.116576E+03   3.296000E-01   5.963838E-04
   1.083475E+01   2.088150E+03   3.252391E-01   5.973830E-04
   1.086416E+01   2.060025E+03   3.209868E-01   5.983974E-04
   1.089365E+01   2.034227E+03   3.168979E-01   5.990313E-04
   1.092322E+01   2.009997E+03   3.129364E-01   5.994182E-04
   1.095287E+01   1.985998E+03   3.090591E-01   5.998152E-04
   1.098261E+01   1.962230E+03   3.052639E-01   6.002225E-04
   1.101242E+01   1.938689E+03   3.015486E-01   6.006399E-04
   1.104231E+01   1.915374E+03   2.979113E-01   6.010677E-04
   1.107228E+01   1.892215E+03   2.943184E-01   6.015155E-04
   1.110234E+01   1.868444E+03   2.904249E-01   6.020882E-04
   1.113247E+01   1.844916E+03   2.866208E-01   6.026648E-04
   1.116269E+01   1.821628E+03   2.829036E-01   6.032454E-04
   1.119299E+01   1.798579E+03   2.792711E-01   6.038303E-04
   1.122338E+01   1.775767E+03   2.757209E-01   6.044196E-04
   1.125384E+01   1.753190E+03   2.722509E-01   6.050134E-04
   1.128439E+01   1.731378E+03   2.686954E-01   6.054474E-04
   1.131502E+01   1.710488E+03   2.650046E-01   6.056607E-04
   1.134573E+01   1.689805E+03   2.613963E-01   6.058694E-04
   1.137653E+01   1.669327E+03   2.578682E-01   6.060736E-04
   1.140741E+01   1.649053E+03   2.544184E-01   6.062736E-04
   1.143838E+01   1.628982E+03   2.510448E-01   6.064695E-04
   1.146943E+01   1.609112E+03   2.477453E-01   6.066616E-04
   1.150056E+01   1.590281E+03   2.445471E-01   6.066565E-04
   1.153178E+01   1.572061E+03   2.414295E-01   6.065486E-04
   1.156308E+01   1.554015E+03   2.383750E-01   6.064380E-04
   1.159447E+01   1.536141E+03   2.353820E-01   6.063246E-04
   1.162594E+01   1.518439E+03   2.324492E-01   6.062086E-04
   1.165750E+01   1.500907E+03   2.295749E-01   6.060903E-04
   1.168914E+01   1.483543E+03   2.267577E-01   6.059696E-04
   1.172087E+01   1.464540E+03   2.237520E-01   6.061854E-04
   1.175268E+01   1.445186E+03   2.207420E-01   6.064969E-04
   1.178459E+01   1.426042E+03   2.178029E-01   6.067992E-04
   1.181658E+01   1.407106E+03   2.149329E-01   6.070927E-04
   1.184865E+01   1.388377E+03   2.121300E-01   6.073776E-04
   1.188081E+01   1.369854E+03   2.093922E-01   6.076543E-04
   1.191306E+01   1.351534E+03   2.067178E-01   6.079231E-04
   1.194540E+01   1.333034E+03   2.036731E-01   6.079930E-04
   1.197783E+01   1.314601E+03   2.005541E-01   6.079730E-04
   1.201034E+01   1.296370E+03   1.975150E-01   6.079293E-04
   1.204294E+01   1.278340E+03   1.945534E-01   6.078628E-04
   1.207563E+01   1.260512E+03   1.916671E-01   6.077741E-04
   1.210841E+01   1.242883E+03   1.888537E-01   6.076637E-04
   1.214128E+01   1.225454E+03   1.861112E-01   6.075323E-04
   1.217423E+01   1.209191E+03   1.833250E-01   6.070174E-04
   1.220728E+01   1.193809E+03   1.805228E-01   6.062126E-04
   1.224041E+01   1.178584E+03   1.777858E-01   6.053872E-04
   1.227364E+01   1.163514E+03   1.751124E-01   6.045417E-04
   1.230696E+01   1.148773E+03   1.724885E-01   4.642486E-04
   1.234036E+01   1.134446E+03   1.699229E-01   4.639703E-04
   1.237386E+01   1.120265E+03   1.674147E-01   4.636715E-04
   1.240745E+01   1.106018E+03   1.649164E-01   4.633555E-04
   1.244113E+01   1.091355E+03   1.623527E-01   4.630238E-04
   1.247490E+01   1.076848E+03   1.598499E-01   4.626678E-04
   1.250876E+01   1.062496E+03   1.574064E-01   4.622881E-04
   1.254271E+01   1.048300E+03   1.550204E-01   4.618854E-04
   1.257676E+01   1.034258E+03   1.526902E-01   4.614604E-04
   1.261090E+01   1.020371E+03   1.504144E-01   4.610137E-04
   1.264513E+01   1.006639E+03   1.481913E-01   4.605460E-04
   1.267946E+01   9.928458E+02   1.457279E-01   4.596906E-04
   1.271387E+01   9.791528E+02   1.432601E-01   4.587267E-04
   1.274838E+01   9.656076E+02   1.408529E-01   4.577371E-04
   1.278299E+01   9.522105E+02   1.385044E-01   4.567229E-04
   1.281769E+01   9.389615E+02   1.362130E-01   4.556849E-04
   1.285248E+01   9.258606E+02   1.339770E-01   4.546241E-04
   1.288737E+01   9.129078E+02   1.317947E-01   4.535413E-04
   1.292235E+01   9.004403E+02   1.296259E-01   4.522868E-04
   1.295743E+01   8.893646E+02   1.273623E-01   4.504486E-04
   1.299260E+01   8.783933E+02   1.251490E-01   4.485976E-04
   1.302787E+01   8.675269E+02   1.229846E-01   4.467345E-04
   1.306323E+01   8.567655E+02   1.208678E-01   4.448600E-04
   1.309869E+01   8.461093E+02   1.187975E-01   4.429748E-04
   1.313424E+01   8.355585E+02   1.167724E-01   4.410796E-04
   1.316990E+01   8.251132E+02   1.147914E-01   4.391750E-04
   1.320565E+01   8.148778E+02   1.127890E-01   4.371110E-04
   1.324149E+01   8.048713E+02   1.107503E-01   4.348510E-04
   1.327743E+01   7.949596E+02   1.087561E-01   4.325857E-04
   1.331348E+01   7.851429E+02   1.068051E-01   4.303159E-04
   1.334961E+01   7.754214E+02   1.048964E-01   4.280420E-04
   1.338585E+01   7.657953E+02   1.030288E-01   4.257648E-04
   1.342219E+01   7.562647E+02   1.012014E-01   4.234848E-04
   1.345862E+01   7.468296E+02   9.941297E-02   4.212026E-04
   1.349515E+01   7.381840E+02   9.753990E-02   4.185036E-04
   1.353178E+01   7.302715E+02   9.558898E-02   4.154139E-04
   1.356852E+01   7.224151E+02   9.367844E-02   4.123361E-04
   1.360535E+01   7.146155E+02   9.180739E-02   4.092707E-04
   1.364228E+01   7.068732E+02   8.997495E-02   4.062181E-04
   1.367931E+01   6.991887E+02   8.818027E-02   4.031785E-04
   1.371644E+01   6.915624E+02   8.642252E-02   4.001523E-04
   1.375367E+01   6.839948E+02   8.470089E-02   3.971398E-04
   1.379101E+01   6.780975E+02   8.299054E-02   3.937918E-04
   1.382844E+01   6.746151E+02   8.127637E-02   3.899540E-04
   1.386598E+01   6.711273E+02   7.959257E-02   3.861545E-04
   1.390362E+01   6.676346E+02   7.793869E-02   3.823929E-04
   1.394136E+01   6.641372E+02   7.631428E-02   3.786689E-04
   1.397920E+01   6.606355E+02   7.471888E-02   3.749820E-04
   1.401714E+01   6.571297E+02   7.315207E-02   3.713320E-04
   1.405519E+01   6.536203E+02   7.161341E-02   3.677186E-04
   1.409334E+01   6.506217E+02   7.011707E-02   3.640955E-04
   1.413160E+01   6.517140E+02   6.876217E-02   3.601493E-04
   1.416996E+01   6.527902E+02   6.742978E-02   3.562507E-04
   1.420842E+01   6.538501E+02   6.611958E-02   3.523990E-04
   1.424699E+01   6.548936E+02   6.483129E-02   3.485937E-04
   1.428566E+01   6.559206E+02   6.356459E-02   3.448341E-04
   1.432444E+01   6.569309E+02   6.231919E-02   3.411197E-04
   1.436332E+01   6.579244E+02   6.109479E-02   3.374499E-04
   1.440231E+01   6.589009E+02   5.989112E-02   3.338241E-04
   1.444141E+01   6.618622E+02   5.883213E-02   3.302613E-04
   1.448061E+01   6.660028E+02   5.786397E-02   3.267499E-04
   1.451991E+01   6.701556E+02   5.691308E-02   3.232775E-04
   1.455933E+01   6.743203E+02   5.597923E-02   3.198435E-04
   1.459885E+01   6.784970E+02   5.506216E-02   3.164475E-04
   1.463848E+01   6.826855E+02   5.416160E-02   3.130890E-04
   1.467821E+01   6.868858E+02   5.327731E-02   3.097677E-04
   1.471805E+01   6.910978E+02   5.240906E-02   3.064830E-04
   1.475800E+01   6.953214E+02   5.155658E-02   3.032346E-04
   1.479806E+01   7.002189E+02   5.083553E-02   3.002151E-04
   1.483823E+01   7.051755E+02   5.013402E-02   2.972346E-04
   1.487851E+01   7.101566E+02   4.944572E-02   2.942826E-04
   1.491890E+01   7.151624E+02   4.877043E-02   2.913586E-04
   1.495939E+01   7.201929E+02   4.810796E-02   2.884625E-04
   1.500000E+01   7.252497E+02   4.745867E-02   2.855950E-04
