#============================================================================
# Opacities computed by OpTool        <a^n>=  1.0000E-2  1.0000E-2  1.0000E-2
# Method:   DHS  fmax=  0.000
# Parameters:
#   amin [um]=      0.010 amax [um]=      0.010  na  =    1     apow=   3.5    
#   lmin [um]=      1.000 lmax [um]=     15.000  nlam= 1000     nang=   180
#   porosity =      0.000 p_mantle =      0.000  fmax=  0.0     chop=   0.0
# Composition:
#  Where   mfrac  rho   Material
#  -----   -----  ----  -----------------------------------------------------
#  core    1.000  3.30  /home/jschneider/optool/lnk_data/astrosil-Draine2003.lnk
#  - - -   - - -  -  -  - - - - - - - - - - - - - - - - - - - - - - - - - - -
#  grain   1.000  3.30  mixture of  1 materials
#----------------------------------------------------------------------------
# Command: /home/jschneider/optool/optool -c \
#   /home/jschneider/optool/lnk_data/astrosil-Draine2003.lnk 1.0 -a 0.01 \
#   0.01 3.5 -l 1 15 1000 -mie -o ../data/dust_models_mie/astrosil_0.01um
#============================================================================
# Standard output file, no scattering matrix
#    iformat
#    nlambda
#    lambda[um]  kabs [cm^2/g]  ksca [cm^2/g]    g_asymmetry
#============================================================================
           3
        1000
   1.000000E+00   7.602035E+02   1.372430E+00   8.507165E-04
   1.002714E+00   7.582666E+02   1.357624E+00   8.460843E-04
   1.005436E+00   7.563348E+02   1.342978E+00   8.414770E-04
   1.008165E+00   7.544079E+02   1.328490E+00   8.368947E-04
   1.010902E+00   7.524860E+02   1.314158E+00   8.323371E-04
   1.013646E+00   7.505691E+02   1.299981E+00   8.278042E-04
   1.016398E+00   7.486571E+02   1.285957E+00   8.232957E-04
   1.019157E+00   7.467501E+02   1.272084E+00   8.188116E-04
   1.021923E+00   7.448480E+02   1.258361E+00   8.143517E-04
   1.024697E+00   7.429508E+02   1.244786E+00   8.099160E-04
   1.027478E+00   7.410584E+02   1.231357E+00   8.055042E-04
   1.030267E+00   7.389342E+02   1.218073E+00   5.938856E-04
   1.033064E+00   7.370535E+02   1.204933E+00   5.906411E-04
   1.035868E+00   7.351776E+02   1.191934E+00   5.874140E-04
   1.038680E+00   7.333066E+02   1.179076E+00   5.842044E-04
   1.041499E+00   7.314404E+02   1.166356E+00   5.810122E-04
   1.044326E+00   7.295790E+02   1.153774E+00   5.778372E-04
   1.047161E+00   7.277224E+02   1.141327E+00   5.746794E-04
   1.050004E+00   7.258705E+02   1.129015E+00   5.715386E-04
   1.052854E+00   7.240234E+02   1.116835E+00   5.684148E-04
   1.055712E+00   7.221811E+02   1.104787E+00   5.653079E-04
   1.058577E+00   7.203435E+02   1.092869E+00   5.622177E-04
   1.061451E+00   7.185106E+02   1.081080E+00   5.591443E-04
   1.064332E+00   7.166825E+02   1.069417E+00   5.560875E-04
   1.067221E+00   7.148590E+02   1.057881E+00   5.530472E-04
   1.070118E+00   7.130402E+02   1.046469E+00   5.500233E-04
   1.073023E+00   7.112261E+02   1.035180E+00   5.470158E-04
   1.075936E+00   7.094167E+02   1.024013E+00   5.440245E-04
   1.078856E+00   7.076119E+02   1.012967E+00   5.410494E-04
   1.081785E+00   7.058118E+02   1.002039E+00   5.380904E-04
   1.084721E+00   7.040163E+02   9.912297E-01   5.351473E-04
   1.087665E+00   7.022253E+02   9.805369E-01   5.322202E-04
   1.090618E+00   7.004390E+02   9.699594E-01   5.293089E-04
   1.093578E+00   6.986573E+02   9.594960E-01   5.264133E-04
   1.096547E+00   6.968802E+02   9.491456E-01   5.235334E-04
   1.099523E+00   6.951076E+02   9.389068E-01   5.206690E-04
   1.102508E+00   6.933396E+02   9.287784E-01   5.178201E-04
   1.105500E+00   6.915761E+02   9.187594E-01   5.149867E-04
   1.108501E+00   6.898172E+02   9.088485E-01   5.121685E-04
   1.111510E+00   6.880627E+02   8.990444E-01   5.093655E-04
   1.114527E+00   6.863128E+02   8.893462E-01   5.065778E-04
   1.117553E+00   6.845674E+02   8.797526E-01   5.038050E-04
   1.120586E+00   6.828264E+02   8.702625E-01   5.010473E-04
   1.123628E+00   6.810899E+02   8.608748E-01   4.983044E-04
   1.126678E+00   6.793579E+02   8.515883E-01   4.955764E-04
   1.129736E+00   6.776318E+02   8.423928E-01   4.928615E-04
   1.132803E+00   6.759103E+02   8.332951E-01   4.901609E-04
   1.135878E+00   6.741932E+02   8.242956E-01   4.874750E-04
   1.138961E+00   6.724805E+02   8.153933E-01   4.848035E-04
   1.142053E+00   6.707722E+02   8.065872E-01   4.821465E-04
   1.145153E+00   6.690683E+02   7.978762E-01   4.795039E-04
   1.148261E+00   6.673688E+02   7.892593E-01   4.768756E-04
   1.151378E+00   6.656736E+02   7.807354E-01   4.742615E-04
   1.154503E+00   6.639828E+02   7.723037E-01   4.716616E-04
   1.157637E+00   6.622963E+02   7.639630E-01   4.690757E-04
   1.160780E+00   6.606141E+02   7.557124E-01   4.665037E-04
   1.163930E+00   6.589362E+02   7.475509E-01   4.639457E-04
   1.167090E+00   6.572627E+02   7.394776E-01   4.614016E-04
   1.170258E+00   6.555934E+02   7.314915E-01   4.588712E-04
   1.173434E+00   6.539284E+02   7.235916E-01   4.563544E-04
   1.176620E+00   6.522677E+02   7.157771E-01   4.538513E-04
   1.179814E+00   6.506112E+02   7.080469E-01   4.513618E-04
   1.183016E+00   6.489589E+02   7.004003E-01   4.488856E-04
   1.186227E+00   6.473109E+02   6.928363E-01   4.464229E-04
   1.189447E+00   6.456671E+02   6.853539E-01   4.439735E-04
   1.192676E+00   6.440275E+02   6.779524E-01   4.415374E-04
   1.195913E+00   6.423922E+02   6.706308E-01   4.391144E-04
   1.199160E+00   6.407610E+02   6.633883E-01   4.367046E-04
   1.202415E+00   6.391339E+02   6.562240E-01   4.343077E-04
   1.205679E+00   6.375111E+02   6.491372E-01   4.319239E-04
   1.208951E+00   6.358924E+02   6.421268E-01   4.295529E-04
   1.212233E+00   6.342778E+02   6.351922E-01   4.271948E-04
   1.215523E+00   6.326674E+02   6.283325E-01   4.248494E-04
   1.218823E+00   6.310611E+02   6.215468E-01   4.225167E-04
   1.222131E+00   6.294589E+02   6.148345E-01   4.201966E-04
   1.225449E+00   6.278608E+02   6.081947E-01   4.178890E-04
   1.228775E+00   6.262668E+02   6.016265E-01   4.155940E-04
   1.232111E+00   6.246769E+02   5.951293E-01   4.133113E-04
   1.235455E+00   6.230911E+02   5.887023E-01   4.110410E-04
   1.238809E+00   6.215093E+02   5.823447E-01   4.087830E-04
   1.242171E+00   6.200154E+02   5.760010E-01   4.065250E-04
   1.245543E+00   6.185622E+02   5.697023E-01   4.042740E-04
   1.248924E+00   6.171124E+02   5.634726E-01   4.020352E-04
   1.252314E+00   6.156522E+02   5.573692E-01   3.998217E-04
   1.255713E+00   6.141893E+02   5.513575E-01   3.976259E-04
   1.259122E+00   6.127300E+02   5.454107E-01   3.954420E-04
   1.262540E+00   6.112741E+02   5.395280E-01   3.932700E-04
   1.265967E+00   6.098218E+02   5.337088E-01   3.911096E-04
   1.269403E+00   6.083729E+02   5.279523E-01   3.889609E-04
   1.272849E+00   6.069275E+02   5.222579E-01   3.868239E-04
   1.276304E+00   6.054855E+02   5.166250E-01   3.846984E-04
   1.279769E+00   6.040471E+02   5.110528E-01   3.825844E-04
   1.283242E+00   6.026120E+02   5.055408E-01   3.804818E-04
   1.286726E+00   6.011804E+02   5.000882E-01   3.783905E-04
   1.290218E+00   5.997522E+02   4.946944E-01   3.763106E-04
   1.293721E+00   5.983275E+02   4.893588E-01   3.742419E-04
   1.297232E+00   5.969061E+02   4.840808E-01   3.721844E-04
   1.300754E+00   5.954882E+02   4.788597E-01   3.701381E-04
   1.304284E+00   5.940736E+02   4.736949E-01   3.681028E-04
   1.307825E+00   5.926793E+02   4.685900E-01   3.660794E-04
   1.311375E+00   5.912932E+02   4.635413E-01   3.640673E-04
   1.314935E+00   5.899104E+02   4.585470E-01   3.620661E-04
   1.318504E+00   5.885309E+02   4.536066E-01   3.600757E-04
   1.322083E+00   5.871546E+02   4.487194E-01   3.580961E-04
   1.325672E+00   5.857816E+02   4.438848E-01   3.561271E-04
   1.329270E+00   5.844117E+02   4.391023E-01   3.541688E-04
   1.332878E+00   5.830452E+02   4.343714E-01   3.522210E-04
   1.336496E+00   5.816818E+02   4.296915E-01   3.502838E-04
   1.340124E+00   5.803217E+02   4.250619E-01   3.483570E-04
   1.343762E+00   5.789647E+02   4.204823E-01   3.464407E-04
   1.347409E+00   5.776110E+02   4.159520E-01   3.445346E-04
   1.351067E+00   5.762604E+02   4.114705E-01   3.426389E-04
   1.354734E+00   5.749131E+02   4.070374E-01   3.407535E-04
   1.358411E+00   5.735689E+02   4.026519E-01   3.388782E-04
   1.362099E+00   5.722279E+02   3.983138E-01   3.370130E-04
   1.365796E+00   5.708900E+02   3.940224E-01   3.351580E-04
   1.369504E+00   5.695553E+02   3.897772E-01   3.333129E-04
   1.373221E+00   5.682237E+02   3.855778E-01   3.314778E-04
   1.376948E+00   5.668953E+02   3.814236E-01   3.296526E-04
   1.380686E+00   5.655749E+02   3.772972E-01   3.278327E-04
   1.384434E+00   5.642587E+02   3.732120E-01   3.260217E-04
   1.388192E+00   5.629456E+02   3.691710E-01   3.242204E-04
   1.391960E+00   5.616356E+02   3.651738E-01   3.224290E-04
   1.395738E+00   5.603286E+02   3.612199E-01   3.206472E-04
   1.399527E+00   5.590247E+02   3.573087E-01   3.188751E-04
   1.403326E+00   5.577238E+02   3.534400E-01   3.171126E-04
   1.407135E+00   5.564261E+02   3.496131E-01   3.153597E-04
   1.410955E+00   5.551313E+02   3.458276E-01   3.136162E-04
   1.414785E+00   5.538396E+02   3.420832E-01   3.118822E-04
   1.418625E+00   5.525509E+02   3.383793E-01   3.101576E-04
   1.422476E+00   5.512652E+02   3.347155E-01   3.084423E-04
   1.426337E+00   5.499825E+02   3.310914E-01   3.067364E-04
   1.430209E+00   5.487029E+02   3.275065E-01   3.050397E-04
   1.434091E+00   5.474262E+02   3.239604E-01   3.033521E-04
   1.437984E+00   5.461526E+02   3.204528E-01   3.016737E-04
   1.441887E+00   5.448819E+02   3.169831E-01   3.000044E-04
   1.445801E+00   5.436142E+02   3.135510E-01   2.983442E-04
   1.449726E+00   5.423494E+02   3.101560E-01   2.966929E-04
   1.453661E+00   5.410877E+02   3.067979E-01   2.950506E-04
   1.457607E+00   5.398289E+02   3.034760E-01   2.934172E-04
   1.461563E+00   5.385795E+02   3.001998E-01   2.917956E-04
   1.465531E+00   5.373354E+02   2.969622E-01   2.901838E-04
   1.469509E+00   5.360941E+02   2.937595E-01   2.885806E-04
   1.473497E+00   5.348558E+02   2.905914E-01   2.869861E-04
   1.477497E+00   5.336203E+02   2.874575E-01   2.854003E-04
   1.481508E+00   5.323877E+02   2.843573E-01   2.838230E-04
   1.485529E+00   5.311579E+02   2.812906E-01   2.822543E-04
   1.489562E+00   5.299311E+02   2.782570E-01   2.806940E-04
   1.493605E+00   5.287070E+02   2.752561E-01   2.791421E-04
   1.497659E+00   5.274858E+02   2.722876E-01   2.775987E-04
   1.501725E+00   5.262675E+02   2.693511E-01   2.760636E-04
   1.505801E+00   5.250520E+02   2.664462E-01   2.745368E-04
   1.509888E+00   5.238393E+02   2.635727E-01   2.730182E-04
   1.513987E+00   5.226294E+02   2.607302E-01   2.715079E-04
   1.518096E+00   5.214224E+02   2.579183E-01   2.700057E-04
   1.522217E+00   5.202181E+02   2.551368E-01   2.685116E-04
   1.526349E+00   5.190167E+02   2.523852E-01   2.670256E-04
   1.530492E+00   5.178180E+02   2.496634E-01   2.655477E-04
   1.534647E+00   5.166221E+02   2.469709E-01   2.640777E-04
   1.538812E+00   5.154290E+02   2.443074E-01   2.626157E-04
   1.542989E+00   5.142387E+02   2.416727E-01   2.611616E-04
   1.547178E+00   5.130511E+02   2.390664E-01   2.597153E-04
   1.551378E+00   5.118639E+02   2.364838E-01   2.582754E-04
   1.555589E+00   5.106753E+02   2.339220E-01   2.568408E-04
   1.559811E+00   5.094895E+02   2.313879E-01   2.554140E-04
   1.564045E+00   5.083065E+02   2.288813E-01   2.539949E-04
   1.568291E+00   5.071262E+02   2.264018E-01   2.525834E-04
   1.572548E+00   5.059487E+02   2.239492E-01   2.511797E-04
   1.576816E+00   5.047739E+02   2.215231E-01   2.497835E-04
   1.581097E+00   5.036019E+02   2.191234E-01   2.483950E-04
   1.585388E+00   5.024326E+02   2.167496E-01   2.470139E-04
   1.589692E+00   5.012660E+02   2.144016E-01   2.456403E-04
   1.594007E+00   5.001022E+02   2.120790E-01   2.442742E-04
   1.598334E+00   4.989411E+02   2.097815E-01   2.429155E-04
   1.602672E+00   4.977827E+02   2.075090E-01   2.415641E-04
   1.607023E+00   4.966270E+02   2.052611E-01   2.402201E-04
   1.611385E+00   4.954740E+02   2.030375E-01   2.388834E-04
   1.615759E+00   4.943237E+02   2.008380E-01   2.375539E-04
   1.620145E+00   4.931760E+02   1.986623E-01   2.362316E-04
   1.624542E+00   4.920311E+02   1.965103E-01   2.349165E-04
   1.628952E+00   4.908888E+02   1.943815E-01   2.336085E-04
   1.633374E+00   4.897492E+02   1.922758E-01   2.323076E-04
   1.637808E+00   4.886123E+02   1.901929E-01   2.310138E-04
   1.642253E+00   4.874780E+02   1.881326E-01   2.297269E-04
   1.646711E+00   4.863463E+02   1.860945E-01   2.284471E-04
   1.651181E+00   4.852233E+02   1.840785E-01   2.271741E-04
   1.655663E+00   4.841203E+02   1.820839E-01   2.259079E-04
   1.660157E+00   4.830198E+02   1.801109E-01   2.246485E-04
   1.664664E+00   4.819218E+02   1.781593E-01   2.233959E-04
   1.669182E+00   4.808264E+02   1.762288E-01   2.221502E-04
   1.673713E+00   4.797334E+02   1.743193E-01   2.209112E-04
   1.678256E+00   4.786430E+02   1.724305E-01   2.196789E-04
   1.682812E+00   4.775550E+02   1.705621E-01   2.184533E-04
   1.687380E+00   4.764695E+02   1.687139E-01   2.172343E-04
   1.691960E+00   4.753865E+02   1.668858E-01   2.160220E-04
   1.696553E+00   4.743060E+02   1.650776E-01   2.148162E-04
   1.701158E+00   4.732279E+02   1.632889E-01   2.136170E-04
   1.705776E+00   4.721523E+02   1.615195E-01   2.124243E-04
   1.710406E+00   4.710792E+02   1.597694E-01   2.112380E-04
   1.715049E+00   4.700085E+02   1.580382E-01   2.100581E-04
   1.719704E+00   4.689403E+02   1.563258E-01   2.088847E-04
   1.724372E+00   4.678745E+02   1.546319E-01   2.077176E-04
   1.729053E+00   4.668111E+02   1.529564E-01   2.065569E-04
   1.733746E+00   4.657502E+02   1.512991E-01   2.054024E-04
   1.738452E+00   4.646917E+02   1.496597E-01   2.042542E-04
   1.743171E+00   4.636356E+02   1.480381E-01   2.031123E-04
   1.747903E+00   4.625819E+02   1.464340E-01   2.019765E-04
   1.752648E+00   4.615306E+02   1.448473E-01   2.008469E-04
   1.757405E+00   4.604817E+02   1.432779E-01   1.997234E-04
   1.762175E+00   4.594352E+02   1.417254E-01   1.986060E-04
   1.766959E+00   4.583912E+02   1.401897E-01   1.974946E-04
   1.771755E+00   4.573575E+02   1.386702E-01   1.963891E-04
   1.776564E+00   4.563880E+02   1.371635E-01   1.952878E-04
   1.781387E+00   4.554205E+02   1.356732E-01   1.941926E-04
   1.786222E+00   4.544551E+02   1.341991E-01   1.931032E-04
   1.791071E+00   4.534917E+02   1.327410E-01   1.920198E-04
   1.795932E+00   4.525304E+02   1.312987E-01   1.909423E-04
   1.800807E+00   4.515711E+02   1.298721E-01   1.898706E-04
   1.805696E+00   4.506139E+02   1.284610E-01   1.888048E-04
   1.810597E+00   4.496587E+02   1.270653E-01   1.877447E-04
   1.815512E+00   4.487056E+02   1.256847E-01   1.866904E-04
   1.820440E+00   4.477545E+02   1.243191E-01   1.856419E-04
   1.825381E+00   4.468054E+02   1.229683E-01   1.845990E-04
   1.830336E+00   4.458583E+02   1.216322E-01   1.835618E-04
   1.835305E+00   4.449133E+02   1.203107E-01   1.825302E-04
   1.840286E+00   4.439702E+02   1.190035E-01   1.815042E-04
   1.845282E+00   4.430292E+02   1.177105E-01   1.804838E-04
   1.850291E+00   4.420902E+02   1.164315E-01   1.794689E-04
   1.855313E+00   4.411532E+02   1.151665E-01   1.784596E-04
   1.860349E+00   4.402181E+02   1.139152E-01   1.774557E-04
   1.865399E+00   4.392851E+02   1.126775E-01   1.764573E-04
   1.870463E+00   4.383541E+02   1.114532E-01   1.754643E-04
   1.875540E+00   4.374250E+02   1.102423E-01   1.744767E-04
   1.880631E+00   4.364979E+02   1.090445E-01   1.734945E-04
   1.885736E+00   4.355728E+02   1.078597E-01   1.725176E-04
   1.890854E+00   4.346497E+02   1.066878E-01   1.715460E-04
   1.895987E+00   4.337285E+02   1.055286E-01   1.705797E-04
   1.901134E+00   4.328093E+02   1.043820E-01   1.696186E-04
   1.906294E+00   4.318920E+02   1.032479E-01   1.686627E-04
   1.911469E+00   4.309961E+02   1.021266E-01   1.677123E-04
   1.916657E+00   4.301077E+02   1.010176E-01   1.667672E-04
   1.921860E+00   4.292211E+02   9.992069E-02   1.658271E-04
   1.927077E+00   4.283363E+02   9.883568E-02   1.648922E-04
   1.932308E+00   4.274533E+02   9.776245E-02   1.639623E-04
   1.937553E+00   4.265722E+02   9.670087E-02   1.630375E-04
   1.942812E+00   4.256929E+02   9.565082E-02   1.621177E-04
   1.948086E+00   4.248155E+02   9.461218E-02   1.612029E-04
   1.953374E+00   4.239398E+02   9.358481E-02   1.602931E-04
   1.958676E+00   4.230660E+02   9.256860E-02   1.593882E-04
   1.963993E+00   4.221939E+02   9.156343E-02   1.584882E-04
   1.969324E+00   4.213237E+02   9.056917E-02   1.575932E-04
   1.974669E+00   4.204553E+02   8.958570E-02   1.567029E-04
   1.980030E+00   4.195887E+02   8.861292E-02   1.558175E-04
   1.985404E+00   4.187238E+02   8.765070E-02   1.549369E-04
   1.990793E+00   4.178608E+02   8.669893E-02   1.540611E-04
   1.996197E+00   4.169995E+02   8.575750E-02   1.531901E-04
   2.001616E+00   4.161401E+02   8.482629E-02   1.523238E-04
   2.007049E+00   4.152824E+02   8.390519E-02   1.514622E-04
   2.012497E+00   4.144265E+02   8.299409E-02   1.506052E-04
   2.017960E+00   4.135723E+02   8.209289E-02   1.497529E-04
   2.023438E+00   4.127199E+02   8.120148E-02   1.489053E-04
   2.028930E+00   4.118693E+02   8.031974E-02   1.480622E-04
   2.034438E+00   4.110205E+02   7.944758E-02   1.472237E-04
   2.039960E+00   4.101734E+02   7.858489E-02   1.463898E-04
   2.045497E+00   4.093280E+02   7.773157E-02   1.455604E-04
   2.051050E+00   4.084845E+02   7.688751E-02   1.447355E-04
   2.056617E+00   4.076426E+02   7.605263E-02   1.439151E-04
   2.062200E+00   4.068025E+02   7.522680E-02   1.430992E-04
   2.067797E+00   4.059662E+02   7.440922E-02   1.422872E-04
   2.073410E+00   4.051376E+02   7.359835E-02   1.414783E-04
   2.079038E+00   4.043108E+02   7.279632E-02   1.406738E-04
   2.084682E+00   4.034857E+02   7.200303E-02   1.398737E-04
   2.090341E+00   4.026622E+02   7.121838E-02   1.390779E-04
   2.096015E+00   4.018405E+02   7.044229E-02   1.382865E-04
   2.101704E+00   4.010204E+02   6.967465E-02   1.374994E-04
   2.107409E+00   4.002020E+02   6.891538E-02   1.367165E-04
   2.113130E+00   3.993853E+02   6.816438E-02   1.359379E-04
   2.118865E+00   3.985703E+02   6.742157E-02   1.351636E-04
   2.124617E+00   3.977724E+02   6.668569E-02   1.343927E-04
   2.130384E+00   3.969938E+02   6.595653E-02   1.336251E-04
   2.136167E+00   3.962168E+02   6.523534E-02   1.328618E-04
   2.141965E+00   3.954412E+02   6.452203E-02   1.321026E-04
   2.147780E+00   3.946672E+02   6.381653E-02   1.313475E-04
   2.153610E+00   3.938947E+02   6.311874E-02   1.305966E-04
   2.159456E+00   3.931238E+02   6.242858E-02   1.298497E-04
   2.165317E+00   3.923543E+02   6.174597E-02   1.291069E-04
   2.171195E+00   3.915864E+02   6.107082E-02   1.283682E-04
   2.177088E+00   3.908199E+02   6.040305E-02   1.276335E-04
   2.182998E+00   3.900550E+02   5.974258E-02   1.269028E-04
   2.188924E+00   3.892916E+02   5.908934E-02   1.261761E-04
   2.194865E+00   3.885296E+02   5.844324E-02   1.254534E-04
   2.200823E+00   3.877684E+02   5.780469E-02   1.247349E-04
   2.206797E+00   3.870042E+02   5.717567E-02   1.240221E-04
   2.212787E+00   3.862416E+02   5.655349E-02   1.233132E-04
   2.218794E+00   3.854805E+02   5.593808E-02   1.226082E-04
   2.224817E+00   3.847209E+02   5.532937E-02   1.219070E-04
   2.230856E+00   3.839627E+02   5.472729E-02   1.212096E-04
   2.236911E+00   3.832061E+02   5.413175E-02   1.205160E-04
   2.242983E+00   3.824510E+02   5.354270E-02   1.198261E-04
   2.249072E+00   3.816974E+02   5.296005E-02   1.191400E-04
   2.255177E+00   3.809474E+02   5.238334E-02   1.184574E-04
   2.261298E+00   3.802110E+02   5.181061E-02   1.177768E-04
   2.267436E+00   3.794759E+02   5.124414E-02   1.170998E-04
   2.273591E+00   3.787423E+02   5.068387E-02   1.164266E-04
   2.279763E+00   3.780102E+02   5.012972E-02   1.157571E-04
   2.285951E+00   3.772794E+02   4.958163E-02   1.150912E-04
   2.292156E+00   3.765501E+02   4.903953E-02   1.144289E-04
   2.298378E+00   3.758221E+02   4.850336E-02   1.137703E-04
   2.304617E+00   3.750956E+02   4.797305E-02   1.131152E-04
   2.310872E+00   3.743705E+02   4.744854E-02   1.124637E-04
   2.317145E+00   3.736468E+02   4.692977E-02   1.118158E-04
   2.323435E+00   3.729245E+02   4.641666E-02   1.111714E-04
   2.329742E+00   3.722036E+02   4.590917E-02   1.105305E-04
   2.336066E+00   3.714842E+02   4.540722E-02   1.098931E-04
   2.342407E+00   3.707661E+02   4.491076E-02   1.092592E-04
   2.348765E+00   3.700493E+02   4.441973E-02   1.086287E-04
   2.355141E+00   3.693340E+02   4.393407E-02   1.080017E-04
   2.361534E+00   3.686201E+02   4.345372E-02   1.073781E-04
   2.367944E+00   3.679076E+02   4.297862E-02   1.067579E-04
   2.374371E+00   3.671964E+02   4.250872E-02   1.061411E-04
   2.380817E+00   3.664866E+02   4.204395E-02   1.055276E-04
   2.387279E+00   3.657782E+02   4.158426E-02   1.049175E-04
   2.393759E+00   3.650712E+02   4.112960E-02   1.043107E-04
   2.400257E+00   3.643655E+02   4.067991E-02   1.037072E-04
   2.406772E+00   3.636612E+02   4.023514E-02   1.031071E-04
   2.413305E+00   3.629583E+02   3.979523E-02   1.025101E-04
   2.419856E+00   3.622567E+02   3.936013E-02   1.019165E-04
   2.426425E+00   3.615628E+02   3.892843E-02   1.013249E-04
   2.433011E+00   3.608805E+02   3.849927E-02   1.007347E-04
   2.439615E+00   3.601996E+02   3.807484E-02   1.001478E-04
   2.446237E+00   3.595199E+02   3.765509E-02   9.956406E-05
   2.452878E+00   3.588415E+02   3.723997E-02   9.898353E-05
   2.459536E+00   3.581644E+02   3.682942E-02   9.840618E-05
   2.466212E+00   3.574886E+02   3.642340E-02   9.783199E-05
   2.472906E+00   3.568140E+02   3.602185E-02   9.726095E-05
   2.479619E+00   3.561408E+02   3.562473E-02   9.669304E-05
   2.486350E+00   3.554974E+02   3.523317E-02   9.612927E-05
   2.493099E+00   3.548555E+02   3.484592E-02   9.556860E-05
   2.499866E+00   3.542148E+02   3.446293E-02   9.501099E-05
   2.506652E+00   3.535752E+02   3.408414E-02   9.445643E-05
   2.513456E+00   3.529368E+02   3.370953E-02   9.390490E-05
   2.520279E+00   3.522995E+02   3.333902E-02   9.335640E-05
   2.527120E+00   3.516634E+02   3.297259E-02   9.281089E-05
   2.533980E+00   3.510284E+02   3.261019E-02   9.226837E-05
   2.540858E+00   3.503946E+02   3.225177E-02   9.172882E-05
   2.547755E+00   3.497619E+02   3.189729E-02   9.119222E-05
   2.554671E+00   3.491304E+02   3.154670E-02   9.065855E-05
   2.561605E+00   3.485000E+02   3.119997E-02   9.012781E-05
   2.568558E+00   3.478708E+02   3.085705E-02   8.959997E-05
   2.575531E+00   3.472426E+02   3.051789E-02   8.907501E-05
   2.582522E+00   3.466157E+02   3.018247E-02   8.855293E-05
   2.589532E+00   3.459898E+02   2.985073E-02   8.803371E-05
   2.596561E+00   3.453651E+02   2.952263E-02   8.751733E-05
   2.603609E+00   3.447416E+02   2.919814E-02   8.700377E-05
   2.610676E+00   3.441191E+02   2.887722E-02   8.649302E-05
   2.617763E+00   3.434978E+02   2.855983E-02   8.598507E-05
   2.624869E+00   3.428776E+02   2.824592E-02   8.547989E-05
   2.631994E+00   3.422585E+02   2.793546E-02   8.497748E-05
   2.639138E+00   3.416405E+02   2.762842E-02   8.447782E-05
   2.646302E+00   3.410237E+02   2.732475E-02   8.398090E-05
   2.653485E+00   3.404080E+02   2.702441E-02   8.348669E-05
   2.660688E+00   3.397934E+02   2.672738E-02   8.299518E-05
   2.667910E+00   3.391799E+02   2.643361E-02   8.250637E-05
   2.675152E+00   3.385675E+02   2.614307E-02   8.202023E-05
   2.682414E+00   3.379562E+02   2.585573E-02   8.153675E-05
   2.689695E+00   3.373460E+02   2.557154E-02   8.105591E-05
   2.696996E+00   3.367370E+02   2.529047E-02   8.057771E-05
   2.704317E+00   3.361290E+02   2.501250E-02   8.010212E-05
   2.711657E+00   3.355221E+02   2.473758E-02   7.962914E-05
   2.719018E+00   3.349163E+02   2.446568E-02   7.915874E-05
   2.726399E+00   3.343117E+02   2.419676E-02   7.869092E-05
   2.733799E+00   3.337081E+02   2.393081E-02   7.822565E-05
   2.741220E+00   3.331056E+02   2.366778E-02   7.776293E-05
   2.748661E+00   3.325042E+02   2.340763E-02   7.730275E-05
   2.756122E+00   3.319090E+02   2.315005E-02   7.684475E-05
   2.763603E+00   3.313510E+02   2.289319E-02   7.638694E-05
   2.771105E+00   3.307941E+02   2.263917E-02   7.593165E-05
   2.778627E+00   3.302380E+02   2.238797E-02   7.547887E-05
   2.786169E+00   3.296829E+02   2.213956E-02   7.502857E-05
   2.793732E+00   3.291287E+02   2.189391E-02   7.458076E-05
   2.801316E+00   3.285755E+02   2.165098E-02   7.413541E-05
   2.808920E+00   3.280232E+02   2.141074E-02   7.369251E-05
   2.816544E+00   3.274718E+02   2.117317E-02   7.325205E-05
   2.824190E+00   3.269213E+02   2.093824E-02   7.281402E-05
   2.831856E+00   3.263718E+02   2.070591E-02   7.237839E-05
   2.839543E+00   3.258232E+02   2.047615E-02   7.194516E-05
   2.847250E+00   3.252755E+02   2.024895E-02   7.151432E-05
   2.854979E+00   3.247287E+02   2.002427E-02   7.108585E-05
   2.862729E+00   3.241828E+02   1.980207E-02   7.065974E-05
   2.870499E+00   3.236379E+02   1.958235E-02   7.023597E-05
   2.878291E+00   3.230939E+02   1.936506E-02   6.981453E-05
   2.886104E+00   3.225508E+02   1.915018E-02   6.939542E-05
   2.893938E+00   3.220086E+02   1.893768E-02   6.897861E-05
   2.901794E+00   3.214673E+02   1.872754E-02   6.856409E-05
   2.909670E+00   3.209269E+02   1.851974E-02   6.815186E-05
   2.917569E+00   3.203874E+02   1.831423E-02   6.774189E-05
   2.925488E+00   3.198489E+02   1.811101E-02   6.733418E-05
   2.933429E+00   3.193112E+02   1.791004E-02   6.692872E-05
   2.941392E+00   3.187744E+02   1.771130E-02   6.652548E-05
   2.949376E+00   3.182386E+02   1.751477E-02   6.612447E-05
   2.957382E+00   3.177036E+02   1.732041E-02   6.572566E-05
   2.965410E+00   3.171695E+02   1.712821E-02   6.532905E-05
   2.973459E+00   3.166364E+02   1.693815E-02   6.493462E-05
   2.981530E+00   3.161041E+02   1.675019E-02   6.454236E-05
   2.989623E+00   3.155727E+02   1.656432E-02   6.415227E-05
   2.997739E+00   3.150422E+02   1.638051E-02   6.376431E-05
   3.005876E+00   3.145126E+02   1.619873E-02   6.337850E-05
   3.014035E+00   3.139839E+02   1.601898E-02   6.299480E-05
   3.022216E+00   3.134561E+02   1.584122E-02   6.261322E-05
   3.030420E+00   3.129292E+02   1.566543E-02   6.223374E-05
   3.038646E+00   3.124031E+02   1.549159E-02   6.185635E-05
   3.046894E+00   3.118780E+02   1.531968E-02   6.148103E-05
   3.055165E+00   3.113537E+02   1.514967E-02   6.110778E-05
   3.063458E+00   3.108303E+02   1.498156E-02   6.073658E-05
   3.071773E+00   3.103077E+02   1.481530E-02   6.036743E-05
   3.080112E+00   3.097861E+02   1.465089E-02   6.000031E-05
   3.088472E+00   3.092653E+02   1.448831E-02   5.963521E-05
   3.096856E+00   3.087454E+02   1.432753E-02   5.927212E-05
   3.105262E+00   3.082891E+02   1.416797E-02   5.891022E-05
   3.113691E+00   3.078637E+02   1.400991E-02   5.854992E-05
   3.122143E+00   3.074390E+02   1.385361E-02   5.819161E-05
   3.130618E+00   3.070149E+02   1.369906E-02   5.783529E-05
   3.139116E+00   3.065913E+02   1.354624E-02   5.748092E-05
   3.147637E+00   3.061683E+02   1.339511E-02   5.712852E-05
   3.156181E+00   3.057459E+02   1.324567E-02   5.677807E-05
   3.164748E+00   3.053241E+02   1.309790E-02   5.642955E-05
   3.173338E+00   3.049028E+02   1.295178E-02   5.608295E-05
   3.181952E+00   3.044822E+02   1.280728E-02   5.573827E-05
   3.190589E+00   3.040621E+02   1.266440E-02   5.539549E-05
   3.199250E+00   3.036426E+02   1.252311E-02   5.505460E-05
   3.207934E+00   3.032236E+02   1.238340E-02   5.471560E-05
   3.216642E+00   3.028053E+02   1.224524E-02   5.437847E-05
   3.225373E+00   3.023875E+02   1.210862E-02   5.404320E-05
   3.234129E+00   3.019703E+02   1.197353E-02   5.370978E-05
   3.242907E+00   3.015536E+02   1.183995E-02   5.337820E-05
   3.251710E+00   3.011375E+02   1.170785E-02   5.304845E-05
   3.260537E+00   3.007220E+02   1.157723E-02   5.272053E-05
   3.269387E+00   3.002713E+02   1.144754E-02   5.239364E-05
   3.278262E+00   2.998095E+02   1.131913E-02   5.206831E-05
   3.287160E+00   2.993483E+02   1.119217E-02   5.174478E-05
   3.296083E+00   2.988879E+02   1.106662E-02   5.142304E-05
   3.305030E+00   2.984281E+02   1.094249E-02   5.110309E-05
   3.314001E+00   2.979691E+02   1.081974E-02   5.078490E-05
   3.322997E+00   2.975107E+02   1.069837E-02   5.046849E-05
   3.332017E+00   2.970531E+02   1.057836E-02   5.015382E-05
   3.341062E+00   2.965961E+02   1.045970E-02   4.984090E-05
   3.350131E+00   2.961398E+02   1.034237E-02   4.952971E-05
   3.359225E+00   2.956843E+02   1.022635E-02   4.922024E-05
   3.368343E+00   2.952294E+02   1.011163E-02   4.891249E-05
   3.377486E+00   2.947753E+02   9.998200E-03   4.860645E-05
   3.386654E+00   2.943218E+02   9.886040E-03   4.830210E-05
   3.395847E+00   2.938690E+02   9.775137E-03   4.799944E-05
   3.405065E+00   2.934028E+02   9.665174E-03   4.769795E-05
   3.414308E+00   2.929151E+02   9.555972E-03   4.739737E-05
   3.423576E+00   2.924282E+02   9.448002E-03   4.709847E-05
   3.432869E+00   2.919420E+02   9.341252E-03   4.680122E-05
   3.442187E+00   2.914567E+02   9.235706E-03   4.650563E-05
   3.451531E+00   2.909722E+02   9.131351E-03   4.621168E-05
   3.460899E+00   2.904885E+02   9.028174E-03   4.591937E-05
   3.470294E+00   2.900056E+02   8.926162E-03   4.562869E-05
   3.479714E+00   2.895235E+02   8.825302E-03   4.533962E-05
   3.489159E+00   2.890421E+02   8.725579E-03   4.505216E-05
   3.498630E+00   2.885616E+02   8.626983E-03   4.476631E-05
   3.508127E+00   2.880818E+02   8.529499E-03   4.448204E-05
   3.517650E+00   2.876029E+02   8.433116E-03   4.419935E-05
   3.527198E+00   2.871247E+02   8.337821E-03   4.391824E-05
   3.536773E+00   2.866473E+02   8.243601E-03   4.363869E-05
   3.546373E+00   2.861707E+02   8.150445E-03   4.336070E-05
   3.555999E+00   2.856949E+02   8.058341E-03   4.308425E-05
   3.565652E+00   2.852199E+02   7.967276E-03   4.280934E-05
   3.575331E+00   2.847456E+02   7.877239E-03   4.253596E-05
   3.585036E+00   2.842722E+02   7.788219E-03   4.226410E-05
   3.594767E+00   2.837995E+02   7.700204E-03   4.199376E-05
   3.604525E+00   2.833276E+02   7.613182E-03   4.172492E-05
   3.614309E+00   2.828564E+02   7.527143E-03   4.145757E-05
   3.624120E+00   2.823861E+02   7.442075E-03   4.119172E-05
   3.633957E+00   2.819165E+02   7.357967E-03   4.092734E-05
   3.643821E+00   2.814477E+02   7.274809E-03   4.066443E-05
   3.653712E+00   2.809805E+02   7.192006E-03   4.040188E-05
   3.663630E+00   2.805144E+02   7.109919E-03   4.014037E-05
   3.673575E+00   2.800490E+02   7.028767E-03   3.988032E-05
   3.683547E+00   2.795844E+02   6.948540E-03   3.962173E-05
   3.693545E+00   2.791206E+02   6.869228E-03   3.936459E-05
   3.703571E+00   2.786576E+02   6.790819E-03   3.910889E-05
   3.713624E+00   2.781952E+02   6.713304E-03   3.885461E-05
   3.723705E+00   2.777337E+02   6.636672E-03   3.860176E-05
   3.733812E+00   2.772729E+02   6.560914E-03   3.835033E-05
   3.743948E+00   2.768128E+02   6.486019E-03   3.810031E-05
   3.754110E+00   2.763535E+02   6.411977E-03   3.785168E-05
   3.764301E+00   2.758950E+02   6.338780E-03   3.760444E-05
   3.774519E+00   2.754372E+02   6.266416E-03   3.735859E-05
   3.784764E+00   2.749801E+02   6.194878E-03   3.711412E-05
   3.795038E+00   2.745238E+02   6.124155E-03   3.687101E-05
   3.805339E+00   2.740682E+02   6.054238E-03   3.662927E-05
   3.815669E+00   2.736134E+02   5.985118E-03   3.638888E-05
   3.826026E+00   2.731593E+02   5.916785E-03   3.614983E-05
   3.836412E+00   2.727060E+02   5.849232E-03   3.591212E-05
   3.846825E+00   2.722534E+02   5.782449E-03   3.567575E-05
   3.857267E+00   2.718016E+02   5.716427E-03   3.544069E-05
   3.867738E+00   2.713504E+02   5.651157E-03   3.520696E-05
   3.878236E+00   2.709051E+02   5.586341E-03   3.497390E-05
   3.888764E+00   2.704695E+02   5.521745E-03   3.474104E-05
   3.899319E+00   2.700347E+02   5.457894E-03   3.450949E-05
   3.909904E+00   2.696005E+02   5.394779E-03   3.427924E-05
   3.920517E+00   2.691670E+02   5.332393E-03   3.405030E-05
   3.931159E+00   2.687342E+02   5.270726E-03   3.382264E-05
   3.941830E+00   2.683020E+02   5.209771E-03   3.359627E-05
   3.952530E+00   2.678705E+02   5.149519E-03   3.337118E-05
   3.963259E+00   2.674397E+02   5.089962E-03   3.314736E-05
   3.974017E+00   2.670096E+02   5.031093E-03   3.292480E-05
   3.984804E+00   2.665802E+02   4.972902E-03   3.270349E-05
   3.995620E+00   2.661514E+02   4.915383E-03   3.248344E-05
   4.006466E+00   2.657233E+02   4.858528E-03   3.226462E-05
   4.017342E+00   2.652958E+02   4.802328E-03   3.204704E-05
   4.028246E+00   2.648691E+02   4.746777E-03   3.183069E-05
   4.039181E+00   2.644430E+02   4.691867E-03   3.161556E-05
   4.050145E+00   2.640175E+02   4.637591E-03   3.140164E-05
   4.061139E+00   2.635928E+02   4.583941E-03   3.118893E-05
   4.072162E+00   2.631687E+02   4.530910E-03   3.097742E-05
   4.083216E+00   2.627452E+02   4.478491E-03   3.076710E-05
   4.094300E+00   2.623224E+02   4.426677E-03   3.055797E-05
   4.105413E+00   2.619003E+02   4.375461E-03   3.035002E-05
   4.116557E+00   2.614788E+02   4.324836E-03   3.014324E-05
   4.127732E+00   2.610580E+02   4.274796E-03   2.993763E-05
   4.138936E+00   2.606156E+02   4.224901E-03   2.973214E-05
   4.150171E+00   2.601554E+02   4.175235E-03   2.952697E-05
   4.161436E+00   2.596960E+02   4.126150E-03   2.932297E-05
   4.172732E+00   2.592373E+02   4.077640E-03   2.912012E-05
   4.184059E+00   2.587795E+02   4.029698E-03   2.891844E-05
   4.195416E+00   2.583224E+02   3.982317E-03   2.871790E-05
   4.206804E+00   2.578661E+02   3.935492E-03   2.851851E-05
   4.218224E+00   2.574106E+02   3.889215E-03   2.832025E-05
   4.229674E+00   2.569559E+02   3.843480E-03   2.812312E-05
   4.241155E+00   2.565019E+02   3.798281E-03   2.792711E-05
   4.252667E+00   2.560488E+02   3.753612E-03   2.773222E-05
   4.264211E+00   2.555963E+02   3.709465E-03   2.753844E-05
   4.275786E+00   2.551447E+02   3.665837E-03   2.734576E-05
   4.287392E+00   2.546938E+02   3.622719E-03   2.715419E-05
   4.299030E+00   2.542437E+02   3.580106E-03   2.696370E-05
   4.310699E+00   2.537944E+02   3.537993E-03   2.677430E-05
   4.322401E+00   2.533458E+02   3.496373E-03   2.658597E-05
   4.334133E+00   2.528980E+02   3.455241E-03   2.639872E-05
   4.345898E+00   2.524510E+02   3.414591E-03   2.621254E-05
   4.357695E+00   2.520047E+02   3.374418E-03   2.602741E-05
   4.369523E+00   2.515591E+02   3.334715E-03   2.584334E-05
   4.381384E+00   2.511144E+02   3.295478E-03   2.566032E-05
   4.393277E+00   2.506704E+02   3.256700E-03   2.547834E-05
   4.405203E+00   2.502271E+02   3.218378E-03   2.529740E-05
   4.417160E+00   2.497846E+02   3.180504E-03   2.511749E-05
   4.429150E+00   2.493494E+02   3.142988E-03   2.493836E-05
   4.441173E+00   2.489761E+02   3.105110E-03   2.475799E-05
   4.453228E+00   2.486032E+02   3.067685E-03   2.457867E-05
   4.465316E+00   2.482309E+02   3.030708E-03   2.440037E-05
   4.477437E+00   2.478591E+02   2.994175E-03   2.422311E-05
   4.489591E+00   2.474879E+02   2.958079E-03   2.404688E-05
   4.501778E+00   2.471171E+02   2.922416E-03   2.387166E-05
   4.513997E+00   2.467468E+02   2.887180E-03   2.369746E-05
   4.526250E+00   2.463771E+02   2.852366E-03   2.352426E-05
   4.538537E+00   2.460078E+02   2.817970E-03   2.335207E-05
   4.550856E+00   2.456391E+02   2.783986E-03   2.318087E-05
   4.563209E+00   2.452708E+02   2.750409E-03   2.301066E-05
   4.575596E+00   2.449031E+02   2.717234E-03   2.284143E-05
   4.588016E+00   2.445358E+02   2.684458E-03   2.267319E-05
   4.600470E+00   2.441691E+02   2.652074E-03   2.250591E-05
   4.612957E+00   2.438029E+02   2.620078E-03   2.233960E-05
   4.625479E+00   2.434372E+02   2.588467E-03   2.217426E-05
   4.638035E+00   2.430720E+02   2.557234E-03   2.200987E-05
   4.650624E+00   2.427073E+02   2.526376E-03   2.184643E-05
   4.663248E+00   2.423430E+02   2.495887E-03   2.168393E-05
   4.675906E+00   2.419793E+02   2.465765E-03   2.152237E-05
   4.688599E+00   2.416161E+02   2.436004E-03   2.136175E-05
   4.701326E+00   2.412534E+02   2.406599E-03   2.120206E-05
   4.714087E+00   2.408912E+02   2.377548E-03   2.104328E-05
   4.726883E+00   2.405295E+02   2.348845E-03   2.088543E-05
   4.739714E+00   2.401683E+02   2.320486E-03   2.072849E-05
   4.752580E+00   2.398075E+02   2.292468E-03   2.057245E-05
   4.765480E+00   2.394473E+02   2.264786E-03   2.041732E-05
   4.778416E+00   2.391595E+02   2.236852E-03   2.026118E-05
   4.791387E+00   2.388949E+02   2.209074E-03   2.010534E-05
   4.804392E+00   2.386305E+02   2.181638E-03   1.995042E-05
   4.817434E+00   2.383664E+02   2.154540E-03   1.979641E-05
   4.830510E+00   2.381024E+02   2.127775E-03   1.964330E-05
   4.843622E+00   2.378387E+02   2.101340E-03   1.949110E-05
   4.856770E+00   2.375753E+02   2.075229E-03   1.933979E-05
   4.869954E+00   2.373120E+02   2.049441E-03   1.918937E-05
   4.883173E+00   2.370489E+02   2.023969E-03   1.903983E-05
   4.896428E+00   2.367861E+02   1.998811E-03   1.889118E-05
   4.909719E+00   2.365235E+02   1.973963E-03   1.874340E-05
   4.923046E+00   2.362611E+02   1.949421E-03   1.859649E-05
   4.936409E+00   2.359989E+02   1.925182E-03   1.845044E-05
   4.949809E+00   2.357370E+02   1.901240E-03   1.830525E-05
   4.963245E+00   2.354753E+02   1.877594E-03   1.816092E-05
   4.976717E+00   2.352137E+02   1.854239E-03   1.801743E-05
   4.990226E+00   2.349524E+02   1.831172E-03   1.787479E-05
   5.003772E+00   2.347143E+02   1.808265E-03   1.773254E-05
   5.017354E+00   2.345239E+02   1.785387E-03   1.759021E-05
   5.030974E+00   2.343336E+02   1.762796E-03   1.744873E-05
   5.044630E+00   2.341433E+02   1.740487E-03   1.730808E-05
   5.058323E+00   2.339531E+02   1.718457E-03   1.716828E-05
   5.072054E+00   2.337629E+02   1.696702E-03   1.702930E-05
   5.085822E+00   2.335728E+02   1.675220E-03   1.689115E-05
   5.099627E+00   2.333828E+02   1.654007E-03   1.675382E-05
   5.113469E+00   2.331928E+02   1.633059E-03   1.661731E-05
   5.127350E+00   2.330029E+02   1.612373E-03   1.648160E-05
   5.141267E+00   2.328130E+02   1.591946E-03   1.634671E-05
   5.155223E+00   2.326233E+02   1.571775E-03   1.621261E-05
   5.169217E+00   2.324649E+02   1.551724E-03   1.607881E-05
   5.183248E+00   2.324119E+02   1.531485E-03   1.594409E-05
   5.197318E+00   2.323587E+02   1.511506E-03   1.581019E-05
   5.211425E+00   2.323054E+02   1.491784E-03   1.567710E-05
   5.225572E+00   2.322519E+02   1.472315E-03   1.554482E-05
   5.239756E+00   2.321984E+02   1.453095E-03   1.541333E-05
   5.253979E+00   2.321447E+02   1.434123E-03   1.528265E-05
   5.268241E+00   2.320909E+02   1.415395E-03   1.515275E-05
   5.282541E+00   2.320370E+02   1.396907E-03   1.502364E-05
   5.296880E+00   2.319830E+02   1.378657E-03   1.489531E-05
   5.311258E+00   2.319289E+02   1.360642E-03   1.476776E-05
   5.325675E+00   2.318746E+02   1.342858E-03   1.464097E-05
   5.340131E+00   2.318202E+02   1.325303E-03   1.451496E-05
   5.354627E+00   2.317657E+02   1.307974E-03   1.438971E-05
   5.369162E+00   2.317111E+02   1.290868E-03   1.426521E-05
   5.383736E+00   2.316564E+02   1.273982E-03   1.414147E-05
   5.398350E+00   2.316016E+02   1.257314E-03   1.401848E-05
   5.413003E+00   2.315466E+02   1.240860E-03   1.389623E-05
   5.427697E+00   2.314915E+02   1.224618E-03   1.377472E-05
   5.442430E+00   2.314363E+02   1.208585E-03   1.365395E-05
   5.457203E+00   2.313810E+02   1.192759E-03   1.353390E-05
   5.472016E+00   2.313256E+02   1.177136E-03   1.341458E-05
   5.486870E+00   2.312700E+02   1.161715E-03   1.329599E-05
   5.501763E+00   2.312144E+02   1.146493E-03   1.317811E-05
   5.516698E+00   2.312107E+02   1.131277E-03   1.306011E-05
   5.531672E+00   2.312783E+02   1.116000E-03   1.294169E-05
   5.546688E+00   2.313458E+02   1.100926E-03   1.282400E-05
   5.561744E+00   2.314132E+02   1.086051E-03   1.270703E-05
   5.576841E+00   2.314803E+02   1.071373E-03   1.259079E-05
   5.591979E+00   2.315474E+02   1.056889E-03   1.247526E-05
   5.607158E+00   2.316142E+02   1.042597E-03   1.236044E-05
   5.622378E+00   2.316809E+02   1.028494E-03   1.224634E-05
   5.637640E+00   2.317619E+02   1.014524E-03   1.213268E-05
   5.652943E+00   2.319383E+02   1.000383E-03   1.201810E-05
   5.668287E+00   2.321146E+02   9.864348E-04   1.190423E-05
   5.683674E+00   2.322908E+02   9.726758E-04   1.179108E-05
   5.699102E+00   2.324669E+02   9.591039E-04   1.167864E-05
   5.714571E+00   2.326429E+02   9.457164E-04   1.156691E-05
   5.730083E+00   2.328188E+02   9.325109E-04   1.145587E-05
   5.745637E+00   2.329946E+02   9.194851E-04   1.134554E-05
   5.761233E+00   2.331703E+02   9.066364E-04   1.123589E-05
   5.776872E+00   2.333459E+02   8.939627E-04   1.112694E-05
   5.792553E+00   2.335213E+02   8.814615E-04   1.101867E-05
   5.808276E+00   2.336967E+02   8.691305E-04   1.091108E-05
   5.824043E+00   2.338720E+02   8.569676E-04   1.080416E-05
   5.839852E+00   2.340471E+02   8.449704E-04   1.069791E-05
   5.855704E+00   2.342222E+02   8.331368E-04   1.059233E-05
   5.871598E+00   2.343971E+02   8.214646E-04   1.048742E-05
   5.887537E+00   2.345719E+02   8.099516E-04   1.038316E-05
   5.903518E+00   2.347467E+02   7.985958E-04   1.027955E-05
   5.919543E+00   2.350175E+02   7.869611E-04   1.017442E-05
   5.935611E+00   2.352913E+02   7.754770E-04   1.006990E-05
   5.951723E+00   2.355651E+02   7.641549E-04   9.966051E-06
   5.967878E+00   2.358389E+02   7.529924E-04   9.862870E-06
   5.984078E+00   2.361126E+02   7.419875E-04   9.760353E-06
   6.000321E+00   2.363864E+02   7.311380E-04   9.658495E-06
   6.016609E+00   2.366601E+02   7.204418E-04   9.557291E-06
   6.032940E+00   2.369338E+02   7.098967E-04   9.456739E-06
   6.049316E+00   2.372076E+02   6.995008E-04   9.356833E-06
   6.065737E+00   2.374812E+02   6.892519E-04   9.257569E-06
   6.082202E+00   2.377549E+02   6.791481E-04   9.158944E-06
   6.098712E+00   2.380286E+02   6.691873E-04   9.060952E-06
   6.115266E+00   2.383022E+02   6.593677E-04   8.963589E-06
   6.131866E+00   2.385758E+02   6.496872E-04   8.866853E-06
   6.148510E+00   2.388494E+02   6.401439E-04   8.770738E-06
   6.165200E+00   2.391230E+02   6.307361E-04   8.675240E-06
   6.181935E+00   2.393965E+02   6.214618E-04   8.580356E-06
   6.198716E+00   2.396700E+02   6.123191E-04   8.486081E-06
   6.215542E+00   2.398585E+02   6.028434E-04   8.389920E-06
   6.232413E+00   2.400441E+02   5.934940E-04   8.294323E-06
   6.249331E+00   2.402293E+02   5.842829E-04   8.199360E-06
   6.266294E+00   2.404143E+02   5.752081E-04   8.105028E-06
   6.283304E+00   2.405989E+02   5.662677E-04   8.011321E-06
   6.300359E+00   2.407831E+02   5.574598E-04   7.918236E-06
   6.317461E+00   2.409670E+02   5.487825E-04   7.825769E-06
   6.334610E+00   2.411506E+02   5.402340E-04   7.733915E-06
   6.351805E+00   2.413338E+02   5.318123E-04   7.642670E-06
   6.369046E+00   2.414553E+02   5.232893E-04   7.550752E-06
   6.386335E+00   2.415404E+02   5.147650E-04   7.458715E-06
   6.403670E+00   2.416250E+02   5.063716E-04   7.367305E-06
   6.421052E+00   2.417089E+02   4.981071E-04   7.276517E-06
   6.438482E+00   2.417923E+02   4.899698E-04   7.186348E-06
   6.455959E+00   2.418750E+02   4.819577E-04   7.096793E-06
   6.473483E+00   2.419572E+02   4.740690E-04   7.007848E-06
   6.491055E+00   2.420387E+02   4.663019E-04   6.919509E-06
   6.508674E+00   2.421197E+02   4.586546E-04   6.831771E-06
   6.526342E+00   2.421972E+02   4.511018E-04   6.744488E-06
   6.544057E+00   2.422190E+02   4.432146E-04   6.655074E-06
   6.561821E+00   2.422399E+02   4.354550E-04   6.566293E-06
   6.579632E+00   2.422599E+02   4.278213E-04   6.478142E-06
   6.597492E+00   2.422790E+02   4.203114E-04   6.390616E-06
   6.615401E+00   2.422973E+02   4.129235E-04   6.303710E-06
   6.633358E+00   2.423147E+02   4.056557E-04   6.217420E-06
   6.651364E+00   2.423312E+02   3.985063E-04   6.131741E-06
   6.669418E+00   2.423468E+02   3.914734E-04   6.046670E-06
   6.687522E+00   2.423616E+02   3.845552E-04   5.962200E-06
   6.705675E+00   2.423711E+02   3.776151E-04   5.877462E-06
   6.723877E+00   2.423635E+02   3.702932E-04   5.790124E-06
   6.742129E+00   2.423545E+02   3.630993E-04   5.703443E-06
   6.760430E+00   2.423442E+02   3.560314E-04   5.617414E-06
   6.778781E+00   2.423325E+02   3.490873E-04   5.532033E-06
   6.797181E+00   2.423195E+02   3.422653E-04   5.447294E-06
   6.815632E+00   2.423051E+02   3.355632E-04   5.363193E-06
   6.834132E+00   2.422894E+02   3.289792E-04   5.279724E-06
   6.852683E+00   2.422723E+02   3.225115E-04   5.196882E-06
   6.871284E+00   2.422538E+02   3.161580E-04   5.114662E-06
   6.889936E+00   2.422340E+02   3.099171E-04   5.033060E-06
   6.908638E+00   2.422129E+02   3.037868E-04   4.952071E-06
   6.927391E+00   2.424771E+02   2.970690E-04   4.866747E-06
   6.946195E+00   2.427815E+02   2.903802E-04   4.781397E-06
   6.965050E+00   2.430840E+02   2.838222E-04   4.696749E-06
   6.983957E+00   2.433846E+02   2.773926E-04   4.612796E-06
   7.002914E+00   2.436833E+02   2.710892E-04   4.529532E-06
   7.021923E+00   2.439801E+02   2.649100E-04   4.446951E-06
   7.040984E+00   2.442750E+02   2.588528E-04   4.365047E-06
   7.060096E+00   2.445680E+02   2.529154E-04   4.283815E-06
   7.079260E+00   2.448590E+02   2.470959E-04   4.203248E-06
   7.098476E+00   2.459757E+02   2.407822E-04   4.118521E-06
   7.117745E+00   2.474319E+02   2.343626E-04   4.032612E-06
   7.137066E+00   2.488928E+02   2.280864E-04   3.947488E-06
   7.156439E+00   2.503584E+02   2.219512E-04   3.863140E-06
   7.175864E+00   2.518287E+02   2.159542E-04   3.779562E-06
   7.195343E+00   2.533038E+02   2.100929E-04   3.696745E-06
   7.214874E+00   2.547834E+02   2.043649E-04   3.614682E-06
   7.234458E+00   2.562678E+02   1.987676E-04   3.533365E-06
   7.254096E+00   2.577567E+02   1.932985E-04   3.452788E-06
   7.273787E+00   2.592503E+02   1.879554E-04   3.372942E-06
   7.293531E+00   2.608045E+02   1.827150E-04   3.293633E-06
   7.313329E+00   2.654737E+02   1.764881E-04   3.204840E-06
   7.333180E+00   2.702185E+02   1.704374E-04   3.116995E-06
   7.353086E+00   2.750398E+02   1.645594E-04   3.030087E-06
   7.373045E+00   2.799389E+02   1.588508E-04   2.944105E-06
   7.393059E+00   2.849168E+02   1.533081E-04   2.859037E-06
   7.413127E+00   2.899746E+02   1.479282E-04   2.774872E-06
   7.433250E+00   2.951135E+02   1.427078E-04   2.691599E-06
   7.453427E+00   3.003346E+02   1.376436E-04   2.609207E-06
   7.473658E+00   3.056391E+02   1.327327E-04   2.527685E-06
   7.493945E+00   3.110282E+02   1.279719E-04   2.447022E-06
   7.514287E+00   3.165324E+02   1.233549E-04   2.367165E-06
   7.534684E+00   3.279425E+02   1.182728E-04   2.279831E-06
   7.555137E+00   3.397489E+02   1.133993E-04   2.193505E-06
   7.575645E+00   3.519649E+02   1.087316E-04   2.108171E-06
   7.596208E+00   3.646043E+02   1.042671E-04   2.023809E-06
   7.616828E+00   3.776814E+02   1.000034E-04   1.940402E-06
   7.637503E+00   3.912108E+02   9.593836E-05   1.857931E-06
   7.658235E+00   4.052078E+02   9.206981E-05   1.776378E-06
   7.679022E+00   4.196882E+02   8.839589E-05   1.695726E-06
   7.699867E+00   4.346683E+02   8.491488E-05   1.615956E-06
   7.720767E+00   4.501649E+02   8.162529E-05   1.537048E-06
   7.741725E+00   4.661956E+02   7.852578E-05   1.458986E-06
   7.762739E+00   4.853201E+02   7.555146E-05   1.379243E-06
   7.783811E+00   5.066162E+02   7.277303E-05   1.299016E-06
   7.804940E+00   5.288240E+02   7.023450E-05   1.219616E-06
   7.826126E+00   5.519827E+02   6.793810E-05   1.141015E-06
   7.847369E+00   5.761328E+02   6.588668E-05   1.063181E-06
   7.868670E+00   6.013171E+02   6.408368E-05   9.860849E-07
   7.890029E+00   6.275802E+02   6.253326E-05   9.096937E-07
   7.911446E+00   6.549690E+02   6.124027E-05   8.339744E-07
   7.932921E+00   6.835327E+02   6.021040E-05   7.588923E-07
   7.954455E+00   7.133227E+02   5.945016E-05   6.844114E-07
   7.976047E+00   7.443935E+02   5.896702E-05   6.104940E-07
   7.997697E+00   7.768018E+02   5.876948E-05   5.371005E-07
   8.019407E+00   8.084068E+02   5.930669E-05   4.733776E-07
   8.041175E+00   8.411618E+02   6.010596E-05   4.104370E-07
   8.063002E+00   8.752539E+02   6.114899E-05   3.476641E-07
   8.084888E+00   9.107417E+02   6.244808E-05   2.850216E-07
   8.106834E+00   9.476862E+02   6.401678E-05   2.224696E-07
   8.128840E+00   9.861523E+02   6.586993E-05   1.599658E-07
   8.150905E+00   1.026208E+03   6.802387E-05   9.746533E-08
   8.173030E+00   1.067926E+03   7.049650E-05   3.492014E-08
   8.195215E+00   1.111381E+03   7.330752E-05  -2.772076E-08
   8.217461E+00   1.156656E+03   7.647854E-05  -9.051181E-08
   8.239767E+00   1.203834E+03   8.003332E-05  -1.535111E-07
   8.262133E+00   1.253008E+03   8.399798E-05  -2.167807E-07
   8.284560E+00   1.290806E+03   8.737514E-05  -2.677271E-07
   8.307048E+00   1.327273E+03   9.078898E-05  -3.165589E-07
   8.329597E+00   1.364824E+03   9.441888E-05  -3.656061E-07
   8.352207E+00   1.403498E+03   9.827656E-05  -4.148967E-07
   8.374879E+00   1.443331E+03   1.023746E-04  -4.644600E-07
   8.397612E+00   1.475413E+03   1.056357E-04  -5.105383E-07
   8.420407E+00   1.507167E+03   1.089179E-04  -5.562800E-07
   8.443263E+00   1.539652E+03   1.123510E-04  -6.021401E-07
   8.466182E+00   1.572888E+03   1.159414E-04  -6.481346E-07
   8.489163E+00   1.606894E+03   1.196956E-04  -6.942799E-07
   8.512206E+00   1.637836E+03   1.229229E-04  -7.418583E-07
   8.535312E+00   1.668859E+03   1.261870E-04  -7.896505E-07
   8.558481E+00   1.700522E+03   1.295903E-04  -8.374771E-07
   8.581712E+00   1.732840E+03   1.331376E-04  -8.853507E-07
   8.605007E+00   1.765830E+03   1.368342E-04  -9.332843E-07
   8.628364E+00   1.800866E+03   1.407623E-04  -9.837218E-07
   8.651786E+00   1.837046E+03   1.448907E-04  -1.034883E-06
   8.675270E+00   1.874028E+03   1.492075E-04  -1.086118E-06
   8.698819E+00   1.911835E+03   1.537198E-04  -1.137445E-06
   8.722431E+00   1.950491E+03   1.584353E-04  -1.188879E-06
   8.746108E+00   1.992247E+03   1.637603E-04  -1.240649E-06
   8.769848E+00   2.036364E+03   1.695792E-04  -1.292786E-06
   8.793654E+00   2.081573E+03   1.756747E-04  -1.345210E-06
   8.817524E+00   2.127908E+03   1.820599E-04  -1.397946E-06
   8.841458E+00   2.175402E+03   1.887486E-04  -1.451020E-06
   8.865458E+00   2.224182E+03   1.959057E-04  -1.502637E-06
   8.889522E+00   2.274318E+03   2.036324E-04  -1.551953E-06
   8.913653E+00   2.325698E+03   2.117167E-04  -1.601848E-06
   8.937848E+00   2.378353E+03   2.201771E-04  -1.652355E-06
   8.962109E+00   2.432314E+03   2.290329E-04  -1.703509E-06
   8.986436E+00   2.487094E+03   2.382592E-04  -1.754509E-06
   9.010830E+00   2.537511E+03   2.473955E-04  -1.797326E-06
   9.035289E+00   2.588907E+03   2.569061E-04  -1.840910E-06
   9.059815E+00   2.641285E+03   2.668073E-04  -1.885296E-06
   9.084407E+00   2.694645E+03   2.771156E-04  -1.930523E-06
   9.109066E+00   2.748983E+03   2.878481E-04  -1.976627E-06
   9.133792E+00   2.794715E+03   2.976098E-04  -2.013923E-06
   9.158585E+00   2.836696E+03   3.070741E-04  -2.047778E-06
   9.183446E+00   2.878888E+03   3.168249E-04  -2.082343E-06
   9.208373E+00   2.921249E+03   3.268666E-04  -2.117649E-06
   9.233369E+00   2.963739E+03   3.372035E-04  -2.153726E-06
   9.258432E+00   3.002101E+03   3.470741E-04  -2.187095E-06
   9.283564E+00   3.026448E+03   3.546447E-04  -2.209574E-06
   9.308764E+00   3.050240E+03   3.623367E-04  -2.232424E-06
   9.334032E+00   3.073436E+03   3.701452E-04  -2.255660E-06
   9.359368E+00   3.095996E+03   3.780648E-04  -2.279299E-06
   9.384774E+00   3.117879E+03   3.860897E-04  -2.303356E-06
   9.410248E+00   3.127209E+03   3.916148E-04  -2.318753E-06
   9.435792E+00   3.130351E+03   3.959788E-04  -2.330074E-06
   9.461404E+00   3.132663E+03   4.003446E-04  -2.341388E-06
   9.487087E+00   3.134135E+03   4.047067E-04  -2.352699E-06
   9.512839E+00   3.134761E+03   4.090596E-04  -2.364010E-06
   9.538661E+00   3.133901E+03   4.132210E-04  -2.374877E-06
   9.564553E+00   3.121538E+03   4.143452E-04  -2.377960E-06
   9.590516E+00   3.108577E+03   4.154517E-04  -2.380813E-06
   9.616548E+00   3.095027E+03   4.165381E-04  -2.383434E-06
   9.642652E+00   3.080898E+03   4.176021E-04  -2.385821E-06
   9.668826E+00   3.065524E+03   4.183585E-04  -2.387593E-06
   9.695072E+00   3.046756E+03   4.176876E-04  -2.387777E-06
   9.721388E+00   3.027242E+03   4.164686E-04  -2.388101E-06
   9.747777E+00   3.007474E+03   4.152517E-04  -2.388184E-06
   9.774236E+00   2.987462E+03   4.140362E-04  -2.388024E-06
   9.800768E+00   2.967214E+03   4.128211E-04  -2.387621E-06
   9.827371E+00   2.946740E+03   4.116057E-04  -2.386974E-06
   9.854047E+00   2.927457E+03   4.101648E-04  -2.388348E-06
   9.880795E+00   2.909287E+03   4.085222E-04  -2.391577E-06
   9.907616E+00   2.890985E+03   4.068803E-04  -2.394638E-06
   9.934510E+00   2.872556E+03   4.052384E-04  -2.397531E-06
   9.961476E+00   2.854006E+03   4.035964E-04  -2.400257E-06
   9.988516E+00   2.835339E+03   4.019539E-04  -2.402814E-06
   1.001563E+01   2.818457E+03   4.006148E-04  -2.407470E-06
   1.004282E+01   2.802584E+03   3.994485E-04  -2.413358E-06
   1.007008E+01   2.786574E+03   3.982691E-04  -2.419118E-06
   1.009741E+01   2.770431E+03   3.970762E-04  -2.424749E-06
   1.012482E+01   2.754161E+03   3.958699E-04  -2.430253E-06
   1.015230E+01   2.737766E+03   3.946498E-04  -2.435629E-06
   1.017986E+01   2.720024E+03   3.936500E-04  -2.438900E-06
   1.020749E+01   2.701395E+03   3.927714E-04  -2.440823E-06
   1.023520E+01   2.682613E+03   3.918724E-04  -2.442573E-06
   1.026298E+01   2.663686E+03   3.909528E-04  -2.444150E-06
   1.029084E+01   2.644621E+03   3.900124E-04  -2.445552E-06
   1.031878E+01   2.625424E+03   3.890510E-04  -2.446779E-06
   1.034679E+01   2.601044E+03   3.873193E-04  -2.440747E-06
   1.037487E+01   2.572149E+03   3.849328E-04  -2.428042E-06
   1.040303E+01   2.543316E+03   3.825735E-04  -2.414959E-06
   1.043127E+01   2.514551E+03   3.802405E-04  -2.401493E-06
   1.045959E+01   2.485863E+03   3.779330E-04  -2.387642E-06
   1.048798E+01   2.457258E+03   3.756500E-04  -2.373403E-06
   1.051645E+01   2.426750E+03   3.726495E-04  -2.355878E-06
   1.054499E+01   2.392399E+03   3.682115E-04  -2.332042E-06
   1.057362E+01   2.358382E+03   3.638882E-04  -2.307864E-06
   1.060232E+01   2.324699E+03   3.596762E-04  -2.283339E-06
   1.063110E+01   2.291347E+03   3.555724E-04  -2.258464E-06
   1.065996E+01   2.258328E+03   3.515736E-04  -2.233237E-06
   1.068889E+01   2.225698E+03   3.476547E-04  -2.207779E-06
   1.071791E+01   2.196131E+03   3.428334E-04  -2.187896E-06
   1.074700E+01   2.166874E+03   3.381336E-04  -2.167922E-06
   1.077617E+01   2.137924E+03   3.335520E-04  -2.147854E-06
   1.080542E+01   2.109278E+03   3.290852E-04  -2.127690E-06
   1.083475E+01   2.080935E+03   3.247300E-04  -2.107430E-06
   1.086416E+01   2.052891E+03   3.204833E-04  -2.087070E-06
   1.089365E+01   2.027173E+03   3.164000E-04  -2.070619E-06
   1.092322E+01   2.003020E+03   3.124443E-04  -2.056723E-06
   1.095287E+01   1.979097E+03   3.085726E-04  -2.042778E-06
   1.098261E+01   1.955404E+03   3.047829E-04  -2.028785E-06
   1.101242E+01   1.931938E+03   3.010730E-04  -2.014742E-06
   1.104231E+01   1.908697E+03   2.974411E-04  -2.000649E-06
   1.107228E+01   1.885612E+03   2.938534E-04  -1.986420E-06
   1.110234E+01   1.861923E+03   2.899664E-04  -1.971139E-06
   1.113247E+01   1.838475E+03   2.861685E-04  -1.955865E-06
   1.116269E+01   1.815266E+03   2.824575E-04  -1.940597E-06
   1.119299E+01   1.792296E+03   2.788309E-04  -1.925335E-06
   1.122338E+01   1.769561E+03   2.752866E-04  -1.910075E-06
   1.125384E+01   1.747060E+03   2.718223E-04  -1.894817E-06
   1.128439E+01   1.725326E+03   2.682730E-04  -1.881295E-06
   1.131502E+01   1.704517E+03   2.645891E-04  -1.870147E-06
   1.134573E+01   1.683913E+03   2.609875E-04  -1.859088E-06
   1.137653E+01   1.663514E+03   2.574660E-04  -1.848114E-06
   1.140741E+01   1.643317E+03   2.540226E-04  -1.837225E-06
   1.143838E+01   1.623322E+03   2.506551E-04  -1.826419E-06
   1.146943E+01   1.603527E+03   2.473617E-04  -1.815692E-06
   1.150056E+01   1.584768E+03   2.441694E-04  -1.806988E-06
   1.153178E+01   1.566619E+03   2.410576E-04  -1.799358E-06
   1.156308E+01   1.548642E+03   2.380088E-04  -1.791799E-06
   1.159447E+01   1.530837E+03   2.350213E-04  -1.784310E-06
   1.162594E+01   1.513202E+03   2.320938E-04  -1.776888E-06
   1.165750E+01   1.495737E+03   2.292248E-04  -1.769533E-06
   1.168914E+01   1.478439E+03   2.264128E-04  -1.762243E-06
   1.172087E+01   1.459508E+03   2.234127E-04  -1.751708E-06
   1.175268E+01   1.440228E+03   2.204083E-04  -1.740278E-06
   1.178459E+01   1.421156E+03   2.174747E-04  -1.728977E-06
   1.181658E+01   1.402291E+03   2.146100E-04  -1.717801E-06
   1.184865E+01   1.383632E+03   2.118122E-04  -1.706747E-06
   1.188081E+01   1.365177E+03   2.090795E-04  -1.695813E-06
   1.191306E+01   1.346925E+03   2.064100E-04  -1.684996E-06
   1.194540E+01   1.328501E+03   2.033713E-04  -1.676416E-06
   1.197783E+01   1.310145E+03   2.002586E-04  -1.668842E-06
   1.201034E+01   1.291990E+03   1.972255E-04  -1.661533E-06
   1.204294E+01   1.274035E+03   1.942699E-04  -1.654481E-06
   1.207563E+01   1.256279E+03   1.913892E-04  -1.647682E-06
   1.210841E+01   1.238723E+03   1.885813E-04  -1.641128E-06
   1.214128E+01   1.221364E+03   1.858441E-04  -1.634815E-06
   1.217423E+01   1.205171E+03   1.830635E-04  -1.632443E-06
   1.220728E+01   1.189858E+03   1.802669E-04  -1.633057E-06
   1.224041E+01   1.174700E+03   1.775354E-04  -1.633906E-06
   1.227364E+01   1.159696E+03   1.748673E-04  -1.634985E-06
   1.230696E+01   1.145257E+03   1.722487E-04  -1.637538E-06
   1.234036E+01   1.130990E+03   1.696881E-04  -1.640379E-06
   1.237386E+01   1.116867E+03   1.671849E-04  -1.643425E-06
   1.240745E+01   1.102678E+03   1.646914E-04  -1.646643E-06
   1.244113E+01   1.088076E+03   1.621328E-04  -1.650021E-06
   1.247490E+01   1.073628E+03   1.596349E-04  -1.653642E-06
   1.250876E+01   1.059334E+03   1.571960E-04  -1.657497E-06
   1.254271E+01   1.045195E+03   1.548146E-04  -1.661582E-06
   1.257676E+01   1.031209E+03   1.524888E-04  -1.665889E-06
   1.261090E+01   1.017377E+03   1.502173E-04  -1.670411E-06
   1.264513E+01   1.003698E+03   1.479984E-04  -1.675143E-06
   1.267946E+01   9.899639E+02   1.455398E-04  -1.683758E-06
   1.271387E+01   9.763295E+02   1.430767E-04  -1.693460E-06
   1.274838E+01   9.628417E+02   1.406741E-04  -1.703416E-06
   1.278299E+01   9.495007E+02   1.383301E-04  -1.713616E-06
   1.281769E+01   9.363067E+02   1.360430E-04  -1.724053E-06
   1.285248E+01   9.232596E+02   1.338111E-04  -1.734716E-06
   1.288737E+01   9.103594E+02   1.316329E-04  -1.745597E-06
   1.292235E+01   8.979435E+02   1.294680E-04  -1.758196E-06
   1.295743E+01   8.869187E+02   1.272087E-04  -1.776630E-06
   1.299260E+01   8.759973E+02   1.249995E-04  -1.795190E-06
   1.302787E+01   8.651796E+02   1.228391E-04  -1.813871E-06
   1.306323E+01   8.544660E+02   1.207263E-04  -1.832663E-06
   1.309869E+01   8.438567E+02   1.186597E-04  -1.851561E-06
   1.313424E+01   8.333517E+02   1.166382E-04  -1.870558E-06
   1.316990E+01   8.229513E+02   1.146607E-04  -1.889647E-06
   1.320565E+01   8.127608E+02   1.126618E-04  -1.910331E-06
   1.324149E+01   8.027994E+02   1.106268E-04  -1.932974E-06
   1.327743E+01   7.929318E+02   1.086361E-04  -1.955667E-06
   1.331348E+01   7.831583E+02   1.066885E-04  -1.978406E-06
   1.334961E+01   7.734791E+02   1.047831E-04  -2.001182E-06
   1.338585E+01   7.638943E+02   1.029187E-04  -2.023992E-06
   1.342219E+01   7.544042E+02   1.010943E-04  -2.046827E-06
   1.345862E+01   7.450086E+02   9.930889E-05  -2.069684E-06
   1.349515E+01   7.364026E+02   9.743898E-05  -2.096708E-06
   1.353178E+01   7.285296E+02   9.549139E-05  -2.127639E-06
   1.356852E+01   7.207119E+02   9.358406E-05  -2.158449E-06
   1.360535E+01   7.129502E+02   9.171610E-05  -2.189134E-06
   1.364228E+01   7.052449E+02   8.988666E-05  -2.219691E-06
   1.367931E+01   6.975966E+02   8.809489E-05  -2.250115E-06
   1.371644E+01   6.900058E+02   8.633995E-05  -2.280405E-06
   1.375367E+01   6.824728E+02   8.462103E-05  -2.310556E-06
   1.379101E+01   6.766072E+02   8.291340E-05  -2.344061E-06
   1.382844E+01   6.731525E+02   8.120197E-05  -2.382460E-06
   1.386598E+01   6.696920E+02   7.952082E-05  -2.420475E-06
   1.390362E+01   6.662261E+02   7.786952E-05  -2.458112E-06
   1.394136E+01   6.627551E+02   7.624760E-05  -2.495372E-06
   1.397920E+01   6.592794E+02   7.465462E-05  -2.532260E-06
   1.401714E+01   6.557992E+02   7.309015E-05  -2.568778E-06
   1.405519E+01   6.523149E+02   7.155375E-05  -2.604931E-06
   1.409334E+01   6.493401E+02   7.005959E-05  -2.641179E-06
   1.413160E+01   6.504478E+02   6.870668E-05  -2.680653E-06
   1.416996E+01   6.515394E+02   6.737622E-05  -2.719652E-06
   1.420842E+01   6.526146E+02   6.606790E-05  -2.758181E-06
   1.424699E+01   6.536733E+02   6.478143E-05  -2.796247E-06
   1.428566E+01   6.547153E+02   6.351649E-05  -2.833855E-06
   1.432444E+01   6.557405E+02   6.227281E-05  -2.871011E-06
   1.436332E+01   6.567488E+02   6.105008E-05  -2.907722E-06
   1.440231E+01   6.577401E+02   5.984801E-05  -2.943992E-06
   1.444141E+01   6.607114E+02   5.879043E-05  -2.979630E-06
   1.448061E+01   6.648592E+02   5.782354E-05  -3.014752E-06
   1.451991E+01   6.690192E+02   5.687390E-05  -3.049485E-06
   1.455933E+01   6.731911E+02   5.594125E-05  -3.083833E-06
   1.459885E+01   6.773750E+02   5.502534E-05  -3.117801E-06
   1.463848E+01   6.815708E+02   5.412592E-05  -3.151394E-06
   1.467821E+01   6.857783E+02   5.324274E-05  -3.184616E-06
   1.471805E+01   6.899975E+02   5.237555E-05  -3.217471E-06
   1.475800E+01   6.942283E+02   5.152411E-05  -3.249964E-06
   1.479806E+01   6.991302E+02   5.080392E-05  -3.280166E-06
   1.483823E+01   7.040910E+02   5.010324E-05  -3.309978E-06
   1.487851E+01   7.090763E+02   4.941574E-05  -3.339505E-06
   1.491890E+01   7.140864E+02   4.874123E-05  -3.368751E-06
   1.495939E+01   7.191211E+02   4.807952E-05  -3.397720E-06
   1.500000E+01   7.241821E+02   4.743097E-05  -3.426401E-06
