#============================================================================
# Opacities computed by OpTool        <a^n>=  1.0000E+0  1.0000E+0  1.0000E+0
# Method:   DHS  fmax=  0.000
# Parameters:
#   amin [um]=      1.000 amax [um]=      1.000  na  =    1     apow=   3.5    
#   lmin [um]=      1.000 lmax [um]=     15.000  nlam= 1000     nang=   180
#   porosity =      0.000 p_mantle =      0.000  fmax=  0.0     chop=   0.0
# Composition:
#  Where   mfrac  rho   Material
#  -----   -----  ----  -----------------------------------------------------
#  core    1.000  3.30  /home/jschneider/optool/lnk_data/astrosil-Draine2003.lnk
#  - - -   - - -  -  -  - - - - - - - - - - - - - - - - - - - - - - - - - - -
#  grain   1.000  3.30  mixture of  1 materials
#----------------------------------------------------------------------------
# Command: /home/jschneider/optool/optool -c \
#   /home/jschneider/optool/lnk_data/astrosil-Draine2003.lnk 1.0 -a 1 1 \
#   3.5 -l 1 15 1000 -mie -o ../data/dust_models_mie/astrosil_1.0um
#============================================================================
# Standard output file, no scattering matrix
#    iformat
#    nlambda
#    lambda[um]  kabs [cm^2/g]  ksca [cm^2/g]    g_asymmetry
#============================================================================
           3
        1000
   1.000000E+00   1.770597E+03   3.505287E+03   6.604511E-01
   1.002714E+00   1.771669E+03   3.487167E+03   6.556992E-01
   1.005436E+00   1.770756E+03   3.462551E+03   6.510977E-01
   1.008165E+00   1.768055E+03   3.431914E+03   6.467050E-01
   1.010902E+00   1.763997E+03   3.396161E+03   6.425523E-01
   1.013646E+00   1.759201E+03   3.356524E+03   6.386412E-01
   1.016398E+00   1.754403E+03   3.314434E+03   6.349435E-01
   1.019157E+00   1.750373E+03   3.271373E+03   6.314044E-01
   1.021923E+00   1.747853E+03   3.228750E+03   6.279474E-01
   1.024697E+00   1.747488E+03   3.187805E+03   6.244801E-01
   1.027478E+00   1.749793E+03   3.149545E+03   6.209001E-01
   1.030267E+00   1.755117E+03   3.114715E+03   6.171001E-01
   1.033064E+00   1.763616E+03   3.083780E+03   6.129735E-01
   1.035868E+00   1.775222E+03   3.056922E+03   6.084190E-01
   1.038680E+00   1.789605E+03   3.034030E+03   6.033477E-01
   1.041499E+00   1.806131E+03   3.014704E+03   5.976919E-01
   1.044326E+00   1.823819E+03   2.998255E+03   5.914170E-01
   1.047161E+00   1.841335E+03   2.983742E+03   5.845363E-01
   1.050004E+00   1.857037E+03   2.970063E+03   5.771262E-01
   1.052854E+00   1.869123E+03   2.956096E+03   5.693381E-01
   1.055712E+00   1.875871E+03   2.940922E+03   5.613989E-01
   1.058577E+00   1.875961E+03   2.924047E+03   5.535967E-01
   1.061451E+00   1.868778E+03   2.905577E+03   5.462472E-01
   1.064332E+00   1.854573E+03   2.886250E+03   5.396484E-01
   1.067221E+00   1.834426E+03   2.867306E+03   5.340336E-01
   1.070118E+00   1.810007E+03   2.850226E+03   5.295388E-01
   1.073023E+00   1.783229E+03   2.836443E+03   5.261922E-01
   1.075936E+00   1.755923E+03   2.827117E+03   5.239262E-01
   1.078856E+00   1.729618E+03   2.823009E+03   5.226046E-01
   1.081785E+00   1.705433E+03   2.824467E+03   5.220530E-01
   1.084721E+00   1.684087E+03   2.831472E+03   5.220865E-01
   1.087665E+00   1.665957E+03   2.843724E+03   5.225290E-01
   1.090618E+00   1.651155E+03   2.860715E+03   5.232241E-01
   1.093578E+00   1.639606E+03   2.881800E+03   5.240402E-01
   1.096547E+00   1.631115E+03   2.906247E+03   5.248708E-01
   1.099523E+00   1.625406E+03   2.933265E+03   5.256325E-01
   1.102508E+00   1.622161E+03   2.962031E+03   5.262625E-01
   1.105500E+00   1.621034E+03   2.991703E+03   5.267157E-01
   1.108501E+00   1.621672E+03   3.021435E+03   5.269623E-01
   1.111510E+00   1.623723E+03   3.050390E+03   5.269859E-01
   1.114527E+00   1.626843E+03   3.077762E+03   5.267815E-01
   1.117553E+00   1.630710E+03   3.102798E+03   5.263548E-01
   1.120586E+00   1.635031E+03   3.124826E+03   5.257204E-01
   1.123628E+00   1.639555E+03   3.143292E+03   5.249007E-01
   1.126678E+00   1.644082E+03   3.157786E+03   5.239247E-01
   1.129736E+00   1.648476E+03   3.168083E+03   5.228255E-01
   1.132803E+00   1.652671E+03   3.174134E+03   5.216395E-01
   1.135878E+00   1.656676E+03   3.176107E+03   5.204025E-01
   1.138961E+00   1.660574E+03   3.174374E+03   5.191481E-01
   1.142053E+00   1.664513E+03   3.169484E+03   5.179040E-01
   1.145153E+00   1.668698E+03   3.162134E+03   5.166901E-01
   1.148261E+00   1.673371E+03   3.153119E+03   5.155156E-01
   1.151378E+00   1.678796E+03   3.143283E+03   5.143769E-01
   1.154503E+00   1.685230E+03   3.133463E+03   5.132562E-01
   1.157637E+00   1.692909E+03   3.124440E+03   5.121208E-01
   1.160780E+00   1.702016E+03   3.116885E+03   5.109238E-01
   1.163930E+00   1.712658E+03   3.111325E+03   5.096048E-01
   1.167090E+00   1.724843E+03   3.108101E+03   5.080937E-01
   1.170258E+00   1.738451E+03   3.107344E+03   5.063140E-01
   1.173434E+00   1.753211E+03   3.108957E+03   5.041898E-01
   1.176620E+00   1.768678E+03   3.112606E+03   5.016531E-01
   1.179814E+00   1.784222E+03   3.117734E+03   4.986535E-01
   1.183016E+00   1.799032E+03   3.123597E+03   4.951690E-01
   1.186227E+00   1.812152E+03   3.129332E+03   4.912166E-01
   1.189447E+00   1.822538E+03   3.134060E+03   4.868618E-01
   1.192676E+00   1.829164E+03   3.137016E+03   4.822232E-01
   1.195913E+00   1.831148E+03   3.137691E+03   4.774716E-01
   1.199160E+00   1.827877E+03   3.135952E+03   4.728205E-01
   1.202415E+00   1.819115E+03   3.132112E+03   4.685080E-01
   1.205679E+00   1.805053E+03   3.126924E+03   4.647724E-01
   1.208951E+00   1.786284E+03   3.121487E+03   4.618251E-01
   1.212233E+00   1.763716E+03   3.117097E+03   4.598274E-01
   1.215523E+00   1.738443E+03   3.115077E+03   4.588738E-01
   1.218823E+00   1.711604E+03   3.116621E+03   4.589871E-01
   1.222131E+00   1.684266E+03   3.122682E+03   4.601235E-01
   1.225449E+00   1.657344E+03   3.133921E+03   4.621854E-01
   1.228775E+00   1.631560E+03   3.150696E+03   4.650386E-01
   1.232111E+00   1.607439E+03   3.173094E+03   4.685299E-01
   1.235455E+00   1.585326E+03   3.200979E+03   4.725028E-01
   1.238809E+00   1.565415E+03   3.234040E+03   4.768084E-01
   1.242171E+00   1.547753E+03   3.272415E+03   4.814125E-01
   1.245543E+00   1.532390E+03   3.315343E+03   4.861457E-01
   1.248924E+00   1.519272E+03   3.362001E+03   4.908685E-01
   1.252314E+00   1.508402E+03   3.410999E+03   4.954167E-01
   1.255713E+00   1.499540E+03   3.462114E+03   4.997865E-01
   1.259122E+00   1.492484E+03   3.515098E+03   5.039798E-01
   1.262540E+00   1.487087E+03   3.569381E+03   5.079713E-01
   1.265967E+00   1.483203E+03   3.624423E+03   5.117467E-01
   1.269403E+00   1.480694E+03   3.679708E+03   5.153004E-01
   1.272849E+00   1.479428E+03   3.734758E+03   5.186338E-01
   1.276304E+00   1.479285E+03   3.789136E+03   5.217537E-01
   1.279769E+00   1.480155E+03   3.842450E+03   5.246709E-01
   1.283242E+00   1.481943E+03   3.894360E+03   5.273992E-01
   1.286726E+00   1.484568E+03   3.944581E+03   5.299543E-01
   1.290218E+00   1.487962E+03   3.992890E+03   5.323533E-01
   1.293721E+00   1.492075E+03   4.039128E+03   5.346134E-01
   1.297232E+00   1.496870E+03   4.083203E+03   5.367516E-01
   1.300754E+00   1.502328E+03   4.125091E+03   5.387841E-01
   1.304284E+00   1.508445E+03   4.164832E+03   5.407251E-01
   1.307825E+00   1.515259E+03   4.202437E+03   5.425833E-01
   1.311375E+00   1.522766E+03   4.238123E+03   5.443699E-01
   1.314935E+00   1.530984E+03   4.272114E+03   5.460908E-01
   1.318504E+00   1.539943E+03   4.304638E+03   5.477471E-01
   1.322083E+00   1.549673E+03   4.335937E+03   5.493351E-01
   1.325672E+00   1.560194E+03   4.366256E+03   5.508465E-01
   1.329270E+00   1.571514E+03   4.395817E+03   5.522680E-01
   1.332878E+00   1.583615E+03   4.424807E+03   5.535820E-01
   1.336496E+00   1.596450E+03   4.453357E+03   5.547668E-01
   1.340124E+00   1.609930E+03   4.481524E+03   5.557979E-01
   1.343762E+00   1.623918E+03   4.509281E+03   5.566497E-01
   1.347409E+00   1.638218E+03   4.536501E+03   5.572970E-01
   1.351067E+00   1.652571E+03   4.562960E+03   5.577176E-01
   1.354734E+00   1.666653E+03   4.588339E+03   5.578952E-01
   1.358411E+00   1.680077E+03   4.612238E+03   5.578222E-01
   1.362099E+00   1.692400E+03   4.634206E+03   5.575027E-01
   1.365796E+00   1.703143E+03   4.653778E+03   5.569553E-01
   1.369504E+00   1.711815E+03   4.670526E+03   5.562147E-01
   1.373221E+00   1.717945E+03   4.684114E+03   5.553328E-01
   1.376948E+00   1.721121E+03   4.694355E+03   5.543778E-01
   1.380686E+00   1.720989E+03   4.701506E+03   5.534550E-01
   1.384434E+00   1.717359E+03   4.705585E+03   5.526394E-01
   1.388192E+00   1.710200E+03   4.707018E+03   5.520229E-01
   1.391960E+00   1.699635E+03   4.706500E+03   5.516986E-01
   1.395738E+00   1.685940E+03   4.704900E+03   5.517494E-01
   1.399527E+00   1.669517E+03   4.703195E+03   5.522417E-01
   1.403326E+00   1.650860E+03   4.702391E+03   5.532202E-01
   1.407135E+00   1.630512E+03   4.703459E+03   5.547056E-01
   1.410955E+00   1.609026E+03   4.707272E+03   5.566949E-01
   1.414785E+00   1.586931E+03   4.714559E+03   5.591625E-01
   1.418625E+00   1.564705E+03   4.725886E+03   5.620648E-01
   1.422476E+00   1.542762E+03   4.741645E+03   5.653441E-01
   1.426337E+00   1.521438E+03   4.762065E+03   5.689342E-01
   1.430209E+00   1.501000E+03   4.787224E+03   5.727648E-01
   1.434091E+00   1.481643E+03   4.817077E+03   5.767659E-01
   1.437984E+00   1.463501E+03   4.851474E+03   5.808707E-01
   1.441887E+00   1.446660E+03   4.890189E+03   5.850184E-01
   1.445801E+00   1.431162E+03   4.932936E+03   5.891553E-01
   1.449726E+00   1.417018E+03   4.979392E+03   5.932355E-01
   1.453661E+00   1.404215E+03   5.029210E+03   5.972215E-01
   1.457607E+00   1.392723E+03   5.082031E+03   6.010831E-01
   1.461563E+00   1.382554E+03   5.137174E+03   6.047749E-01
   1.465531E+00   1.373619E+03   5.194480E+03   6.082965E-01
   1.469509E+00   1.365845E+03   5.253720E+03   6.116453E-01
   1.473497E+00   1.359181E+03   5.314564E+03   6.148150E-01
   1.477497E+00   1.353573E+03   5.376702E+03   6.178029E-01
   1.481508E+00   1.348973E+03   5.439839E+03   6.206097E-01
   1.485529E+00   1.345334E+03   5.503704E+03   6.232383E-01
   1.489562E+00   1.342612E+03   5.568042E+03   6.256935E-01
   1.493605E+00   1.340767E+03   5.632622E+03   6.279813E-01
   1.497659E+00   1.339763E+03   5.697231E+03   6.301087E-01
   1.501725E+00   1.339568E+03   5.761677E+03   6.320830E-01
   1.505801E+00   1.340154E+03   5.825789E+03   6.339118E-01
   1.509888E+00   1.341495E+03   5.889415E+03   6.356026E-01
   1.513987E+00   1.343569E+03   5.952419E+03   6.371626E-01
   1.518096E+00   1.346356E+03   6.014683E+03   6.385985E-01
   1.522217E+00   1.349839E+03   6.076105E+03   6.399165E-01
   1.526349E+00   1.354002E+03   6.136597E+03   6.411218E-01
   1.530492E+00   1.358831E+03   6.196080E+03   6.422191E-01
   1.534647E+00   1.364309E+03   6.254485E+03   6.432120E-01
   1.538812E+00   1.370423E+03   6.311751E+03   6.441033E-01
   1.542989E+00   1.377152E+03   6.367817E+03   6.448948E-01
   1.547178E+00   1.384476E+03   6.422623E+03   6.455873E-01
   1.551378E+00   1.392364E+03   6.476271E+03   6.461881E-01
   1.555589E+00   1.400784E+03   6.528791E+03   6.467007E-01
   1.559811E+00   1.409701E+03   6.579815E+03   6.471106E-01
   1.564045E+00   1.419063E+03   6.629240E+03   6.474157E-01
   1.568291E+00   1.428805E+03   6.676944E+03   6.476130E-01
   1.572548E+00   1.438850E+03   6.722783E+03   6.476997E-01
   1.576816E+00   1.449104E+03   6.766588E+03   6.476727E-01
   1.581097E+00   1.459457E+03   6.808163E+03   6.475295E-01
   1.585388E+00   1.469781E+03   6.847291E+03   6.472683E-01
   1.589692E+00   1.479929E+03   6.883734E+03   6.468887E-01
   1.594007E+00   1.489738E+03   6.917240E+03   6.463917E-01
   1.598334E+00   1.499032E+03   6.947550E+03   6.457809E-01
   1.602672E+00   1.507621E+03   6.974410E+03   6.450620E-01
   1.607023E+00   1.515308E+03   6.997586E+03   6.442443E-01
   1.611385E+00   1.521895E+03   7.016877E+03   6.433403E-01
   1.615759E+00   1.527190E+03   7.032133E+03   6.423659E-01
   1.620145E+00   1.531015E+03   7.043271E+03   6.413412E-01
   1.624542E+00   1.533216E+03   7.050290E+03   6.402894E-01
   1.628952E+00   1.533666E+03   7.053285E+03   6.392373E-01
   1.633374E+00   1.532279E+03   7.052449E+03   6.382139E-01
   1.637808E+00   1.529011E+03   7.048082E+03   6.372502E-01
   1.642253E+00   1.523865E+03   7.040579E+03   6.363781E-01
   1.646711E+00   1.516890E+03   7.030426E+03   6.356290E-01
   1.651181E+00   1.508194E+03   7.018164E+03   6.350339E-01
   1.655663E+00   1.497935E+03   7.004369E+03   6.346223E-01
   1.660157E+00   1.486250E+03   6.989732E+03   6.344144E-01
   1.664664E+00   1.473336E+03   6.974895E+03   6.344288E-01
   1.669182E+00   1.459406E+03   6.960482E+03   6.346791E-01
   1.673713E+00   1.444683E+03   6.947082E+03   6.351734E-01
   1.678256E+00   1.429388E+03   6.935228E+03   6.359140E-01
   1.682812E+00   1.413734E+03   6.925388E+03   6.368977E-01
   1.687380E+00   1.397921E+03   6.917959E+03   6.381164E-01
   1.691960E+00   1.382132E+03   6.913260E+03   6.395576E-01
   1.696553E+00   1.366528E+03   6.911537E+03   6.412050E-01
   1.701158E+00   1.351248E+03   6.912964E+03   6.430396E-01
   1.705776E+00   1.336409E+03   6.917648E+03   6.450402E-01
   1.710406E+00   1.322106E+03   6.925640E+03   6.471841E-01
   1.715049E+00   1.308415E+03   6.936937E+03   6.494483E-01
   1.719704E+00   1.295393E+03   6.951494E+03   6.518096E-01
   1.724372E+00   1.283081E+03   6.969230E+03   6.542452E-01
   1.729053E+00   1.271506E+03   6.990036E+03   6.567335E-01
   1.733746E+00   1.260684E+03   7.013779E+03   6.592538E-01
   1.738452E+00   1.250621E+03   7.040309E+03   6.617872E-01
   1.743171E+00   1.241313E+03   7.069467E+03   6.643161E-01
   1.747903E+00   1.232755E+03   7.101083E+03   6.668249E-01
   1.752648E+00   1.224933E+03   7.134983E+03   6.692994E-01
   1.757405E+00   1.217830E+03   7.170992E+03   6.717275E-01
   1.762175E+00   1.211430E+03   7.208935E+03   6.740984E-01
   1.766959E+00   1.205712E+03   7.248638E+03   6.764030E-01
   1.771755E+00   1.200670E+03   7.289932E+03   6.786360E-01
   1.776564E+00   1.196377E+03   7.332641E+03   6.808056E-01
   1.781387E+00   1.192708E+03   7.376612E+03   6.828889E-01
   1.786222E+00   1.189640E+03   7.421689E+03   6.848822E-01
   1.791071E+00   1.187156E+03   7.467720E+03   6.867824E-01
   1.795932E+00   1.185236E+03   7.514560E+03   6.885877E-01
   1.800807E+00   1.183862E+03   7.562070E+03   6.902967E-01
   1.805696E+00   1.183018E+03   7.610115E+03   6.919088E-01
   1.810597E+00   1.182686E+03   7.658566E+03   6.934240E-01
   1.815512E+00   1.182852E+03   7.707297E+03   6.948425E-01
   1.820440E+00   1.183499E+03   7.756186E+03   6.961652E-01
   1.825381E+00   1.184614E+03   7.805117E+03   6.973928E-01
   1.830336E+00   1.186182E+03   7.853974E+03   6.985266E-01
   1.835305E+00   1.188188E+03   7.902644E+03   6.995679E-01
   1.840286E+00   1.190617E+03   7.951014E+03   7.005179E-01
   1.845282E+00   1.193455E+03   7.998975E+03   7.013779E-01
   1.850291E+00   1.196685E+03   8.046414E+03   7.021493E-01
   1.855313E+00   1.200290E+03   8.093219E+03   7.028332E-01
   1.860349E+00   1.204252E+03   8.139275E+03   7.034309E-01
   1.865399E+00   1.208551E+03   8.184468E+03   7.039431E-01
   1.870463E+00   1.213165E+03   8.228676E+03   7.043708E-01
   1.875540E+00   1.218070E+03   8.271778E+03   7.047147E-01
   1.880631E+00   1.223239E+03   8.313645E+03   7.049752E-01
   1.885736E+00   1.228643E+03   8.354146E+03   7.051526E-01
   1.890854E+00   1.234249E+03   8.393144E+03   7.052473E-01
   1.895987E+00   1.240021E+03   8.430498E+03   7.052591E-01
   1.901134E+00   1.245918E+03   8.466061E+03   7.051881E-01
   1.906294E+00   1.251899E+03   8.499683E+03   7.050341E-01
   1.911469E+00   1.257958E+03   8.531117E+03   7.047975E-01
   1.916657E+00   1.264014E+03   8.560276E+03   7.044777E-01
   1.921860E+00   1.269999E+03   8.587030E+03   7.040746E-01
   1.927077E+00   1.275854E+03   8.611224E+03   7.035878E-01
   1.932308E+00   1.281517E+03   8.632706E+03   7.030177E-01
   1.937553E+00   1.286923E+03   8.651332E+03   7.023645E-01
   1.942812E+00   1.292007E+03   8.666964E+03   7.016289E-01
   1.948086E+00   1.296698E+03   8.679478E+03   7.008118E-01
   1.953374E+00   1.300930E+03   8.688765E+03   6.999147E-01
   1.958676E+00   1.304635E+03   8.694738E+03   6.989396E-01
   1.963993E+00   1.307747E+03   8.697329E+03   6.978890E-01
   1.969324E+00   1.310204E+03   8.696500E+03   6.967661E-01
   1.974669E+00   1.311949E+03   8.692241E+03   6.955748E-01
   1.980030E+00   1.312931E+03   8.684574E+03   6.943196E-01
   1.985404E+00   1.313105E+03   8.673556E+03   6.930059E-01
   1.990793E+00   1.312436E+03   8.659279E+03   6.916397E-01
   1.996197E+00   1.310899E+03   8.641872E+03   6.902279E-01
   2.001616E+00   1.308480E+03   8.621497E+03   6.887778E-01
   2.007049E+00   1.305173E+03   8.598351E+03   6.872976E-01
   2.012497E+00   1.300986E+03   8.572660E+03   6.857958E-01
   2.017960E+00   1.295938E+03   8.544680E+03   6.842815E-01
   2.023438E+00   1.290059E+03   8.514687E+03   6.827641E-01
   2.028930E+00   1.283387E+03   8.482977E+03   6.812531E-01
   2.034438E+00   1.275973E+03   8.449857E+03   6.797581E-01
   2.039960E+00   1.267872E+03   8.415641E+03   6.782886E-01
   2.045497E+00   1.259149E+03   8.380645E+03   6.768539E-01
   2.051050E+00   1.249873E+03   8.345183E+03   6.754631E-01
   2.056617E+00   1.240118E+03   8.309557E+03   6.741245E-01
   2.062200E+00   1.229958E+03   8.274056E+03   6.728461E-01
   2.067797E+00   1.219459E+03   8.238916E+03   6.716368E-01
   2.073410E+00   1.208675E+03   8.204313E+03   6.705068E-01
   2.079038E+00   1.197714E+03   8.170603E+03   6.694569E-01
   2.084682E+00   1.186648E+03   8.137994E+03   6.684920E-01
   2.090341E+00   1.175545E+03   8.106672E+03   6.676160E-01
   2.096015E+00   1.164471E+03   8.076795E+03   6.668321E-01
   2.101704E+00   1.153484E+03   8.048498E+03   6.661425E-01
   2.107409E+00   1.142639E+03   8.021891E+03   6.655487E-01
   2.113130E+00   1.131985E+03   7.997063E+03   6.650514E-01
   2.118865E+00   1.121566E+03   7.974078E+03   6.646505E-01
   2.124617E+00   1.111434E+03   7.952899E+03   6.643510E-01
   2.130384E+00   1.101624E+03   7.933551E+03   6.641525E-01
   2.136167E+00   1.092153E+03   7.916148E+03   6.640470E-01
   2.141965E+00   1.083043E+03   7.900686E+03   6.640322E-01
   2.147780E+00   1.074315E+03   7.887151E+03   6.641053E-01
   2.153610E+00   1.065985E+03   7.875515E+03   6.642633E-01
   2.159456E+00   1.058064E+03   7.865744E+03   6.645028E-01
   2.165317E+00   1.050561E+03   7.857793E+03   6.648201E-01
   2.171195E+00   1.043481E+03   7.851610E+03   6.652115E-01
   2.177088E+00   1.036829E+03   7.847141E+03   6.656730E-01
   2.182998E+00   1.030604E+03   7.844322E+03   6.662007E-01
   2.188924E+00   1.024805E+03   7.843091E+03   6.667903E-01
   2.194865E+00   1.019430E+03   7.843378E+03   6.674377E-01
   2.200823E+00   1.014479E+03   7.845122E+03   6.681364E-01
   2.206797E+00   1.009963E+03   7.848287E+03   6.688719E-01
   2.212787E+00   1.005851E+03   7.852749E+03   6.696528E-01
   2.218794E+00   1.002134E+03   7.858437E+03   6.704751E-01
   2.224817E+00   9.988045E+02   7.865277E+03   6.713347E-01
   2.230856E+00   9.958545E+02   7.873196E+03   6.722277E-01
   2.236911E+00   9.932744E+02   7.882119E+03   6.731505E-01
   2.242983E+00   9.910546E+02   7.891972E+03   6.740992E-01
   2.249072E+00   9.891854E+02   7.902681E+03   6.750702E-01
   2.255177E+00   9.876577E+02   7.914161E+03   6.760623E-01
   2.261298E+00   9.864670E+02   7.926289E+03   6.770826E-01
   2.267436E+00   9.855984E+02   7.939049E+03   6.781147E-01
   2.273591E+00   9.850412E+02   7.952367E+03   6.791554E-01
   2.279763E+00   9.847846E+02   7.966169E+03   6.802015E-01
   2.285951E+00   9.848176E+02   7.980379E+03   6.812499E-01
   2.292156E+00   9.851292E+02   7.994924E+03   6.822978E-01
   2.298378E+00   9.857085E+02   8.009729E+03   6.833423E-01
   2.304617E+00   9.865443E+02   8.024719E+03   6.843807E-01
   2.310872E+00   9.876253E+02   8.039820E+03   6.854103E-01
   2.317145E+00   9.889401E+02   8.054956E+03   6.864288E-01
   2.323435E+00   9.904773E+02   8.070053E+03   6.874336E-01
   2.329742E+00   9.922251E+02   8.085034E+03   6.884224E-01
   2.336066E+00   9.941716E+02   8.099824E+03   6.893929E-01
   2.342407E+00   9.963047E+02   8.114347E+03   6.903431E-01
   2.348765E+00   9.986119E+02   8.128526E+03   6.912709E-01
   2.355141E+00   1.001080E+03   8.142284E+03   6.921742E-01
   2.361534E+00   1.003697E+03   8.155543E+03   6.930510E-01
   2.367944E+00   1.006449E+03   8.168226E+03   6.938997E-01
   2.374371E+00   1.009322E+03   8.180256E+03   6.947182E-01
   2.380817E+00   1.012301E+03   8.191553E+03   6.955048E-01
   2.387279E+00   1.015372E+03   8.202041E+03   6.962578E-01
   2.393759E+00   1.018519E+03   8.211640E+03   6.969756E-01
   2.400257E+00   1.021728E+03   8.220275E+03   6.976564E-01
   2.406772E+00   1.024980E+03   8.227867E+03   6.982986E-01
   2.413305E+00   1.028260E+03   8.234340E+03   6.989006E-01
   2.419856E+00   1.031551E+03   8.239620E+03   6.994609E-01
   2.426425E+00   1.034838E+03   8.243501E+03   6.999840E-01
   2.433011E+00   1.038105E+03   8.245806E+03   7.004719E-01
   2.439615E+00   1.041324E+03   8.246668E+03   7.009122E-01
   2.446237E+00   1.044476E+03   8.246020E+03   7.013036E-01
   2.452878E+00   1.047541E+03   8.243797E+03   7.016443E-01
   2.459536E+00   1.050498E+03   8.239939E+03   7.019329E-01
   2.466212E+00   1.053327E+03   8.234388E+03   7.021677E-01
   2.472906E+00   1.056008E+03   8.227094E+03   7.023472E-01
   2.479619E+00   1.058520E+03   8.218010E+03   7.024699E-01
   2.486350E+00   1.060926E+03   8.207131E+03   7.025318E-01
   2.493099E+00   1.063126E+03   8.194403E+03   7.025342E-01
   2.499866E+00   1.065100E+03   8.179799E+03   7.024757E-01
   2.506652E+00   1.066829E+03   8.163301E+03   7.023550E-01
   2.513456E+00   1.068294E+03   8.144896E+03   7.021706E-01
   2.520279E+00   1.069480E+03   8.124584E+03   7.019214E-01
   2.527120E+00   1.070371E+03   8.102369E+03   7.016060E-01
   2.533980E+00   1.070950E+03   8.078266E+03   7.012234E-01
   2.540858E+00   1.071207E+03   8.052299E+03   7.007725E-01
   2.547755E+00   1.071127E+03   8.024502E+03   7.002525E-01
   2.554671E+00   1.070702E+03   7.994914E+03   6.996627E-01
   2.561605E+00   1.069924E+03   7.963588E+03   6.990023E-01
   2.568558E+00   1.068786E+03   7.930583E+03   6.982711E-01
   2.575531E+00   1.067283E+03   7.895966E+03   6.974686E-01
   2.582522E+00   1.065414E+03   7.859812E+03   6.965947E-01
   2.589532E+00   1.063177E+03   7.822205E+03   6.956497E-01
   2.596561E+00   1.060575E+03   7.783233E+03   6.946338E-01
   2.603609E+00   1.057613E+03   7.742993E+03   6.935476E-01
   2.610676E+00   1.054294E+03   7.701583E+03   6.923917E-01
   2.617763E+00   1.050629E+03   7.659110E+03   6.911672E-01
   2.624869E+00   1.046625E+03   7.615682E+03   6.898753E-01
   2.631994E+00   1.042295E+03   7.571409E+03   6.885173E-01
   2.639138E+00   1.037651E+03   7.526403E+03   6.870950E-01
   2.646302E+00   1.032709E+03   7.480779E+03   6.856101E-01
   2.653485E+00   1.027483E+03   7.434649E+03   6.840648E-01
   2.660688E+00   1.021992E+03   7.388125E+03   6.824614E-01
   2.667910E+00   1.016252E+03   7.341318E+03   6.808022E-01
   2.675152E+00   1.010284E+03   7.294335E+03   6.790900E-01
   2.682414E+00   1.004106E+03   7.247282E+03   6.773276E-01
   2.689695E+00   9.977388E+02   7.200258E+03   6.755178E-01
   2.696996E+00   9.912021E+02   7.153362E+03   6.736639E-01
   2.704317E+00   9.845166E+02   7.106683E+03   6.717690E-01
   2.711657E+00   9.777026E+02   7.060309E+03   6.698363E-01
   2.719018E+00   9.707802E+02   7.014321E+03   6.678694E-01
   2.726399E+00   9.637695E+02   6.968794E+03   6.658715E-01
   2.733799E+00   9.566899E+02   6.923798E+03   6.638462E-01
   2.741220E+00   9.495605E+02   6.879397E+03   6.617970E-01
   2.748661E+00   9.423994E+02   6.835647E+03   6.597273E-01
   2.756122E+00   9.352222E+02   6.792500E+03   6.576407E-01
   2.763603E+00   9.280328E+02   6.749390E+03   6.555409E-01
   2.771105E+00   9.208646E+02   6.707094E+03   6.534311E-01
   2.778627E+00   9.137333E+02   6.665647E+03   6.513147E-01
   2.786169E+00   9.066534E+02   6.625080E+03   6.491952E-01
   2.793732E+00   8.996387E+02   6.585416E+03   6.470757E-01
   2.801316E+00   8.927019E+02   6.546675E+03   6.449594E-01
   2.808920E+00   8.858549E+02   6.508873E+03   6.428495E-01
   2.816544E+00   8.791087E+02   6.472019E+03   6.407487E-01
   2.824190E+00   8.724731E+02   6.436120E+03   6.386601E-01
   2.831856E+00   8.659574E+02   6.401180E+03   6.365862E-01
   2.839543E+00   8.595698E+02   6.367198E+03   6.345298E-01
   2.847250E+00   8.533176E+02   6.334170E+03   6.324931E-01
   2.854979E+00   8.472077E+02   6.302090E+03   6.304787E-01
   2.862729E+00   8.412457E+02   6.270949E+03   6.284887E-01
   2.870499E+00   8.354370E+02   6.240735E+03   6.265252E-01
   2.878291E+00   8.297859E+02   6.211434E+03   6.245902E-01
   2.886104E+00   8.242964E+02   6.183032E+03   6.226855E-01
   2.893938E+00   8.189717E+02   6.155511E+03   6.208128E-01
   2.901794E+00   8.138144E+02   6.128853E+03   6.189738E-01
   2.909670E+00   8.088268E+02   6.103037E+03   6.171699E-01
   2.917569E+00   8.040105E+02   6.078044E+03   6.154026E-01
   2.925488E+00   7.993667E+02   6.053850E+03   6.136730E-01
   2.933429E+00   7.948963E+02   6.030434E+03   6.119825E-01
   2.941392E+00   7.905996E+02   6.007772E+03   6.103321E-01
   2.949376E+00   7.864768E+02   5.985839E+03   6.087227E-01
   2.957382E+00   7.825275E+02   5.964611E+03   6.071553E-01
   2.965410E+00   7.787513E+02   5.944063E+03   6.056307E-01
   2.973459E+00   7.751472E+02   5.924169E+03   6.041496E-01
   2.981530E+00   7.717142E+02   5.904905E+03   6.027128E-01
   2.989623E+00   7.684509E+02   5.886243E+03   6.013208E-01
   2.997739E+00   7.653559E+02   5.868157E+03   5.999740E-01
   3.005876E+00   7.624272E+02   5.850623E+03   5.986731E-01
   3.014035E+00   7.596632E+02   5.833612E+03   5.974183E-01
   3.022216E+00   7.570616E+02   5.817099E+03   5.962101E-01
   3.030420E+00   7.546202E+02   5.801057E+03   5.950487E-01
   3.038646E+00   7.523366E+02   5.785460E+03   5.939342E-01
   3.046894E+00   7.502084E+02   5.770282E+03   5.928670E-01
   3.055165E+00   7.482328E+02   5.755495E+03   5.918472E-01
   3.063458E+00   7.464072E+02   5.741074E+03   5.908747E-01
   3.071773E+00   7.447287E+02   5.726991E+03   5.899497E-01
   3.080112E+00   7.431943E+02   5.713221E+03   5.890721E-01
   3.088472E+00   7.418009E+02   5.699738E+03   5.882420E-01
   3.096856E+00   7.405454E+02   5.686515E+03   5.874591E-01
   3.105262E+00   7.395437E+02   5.673207E+03   5.867326E-01
   3.113691E+00   7.387315E+02   5.659950E+03   5.860578E-01
   3.122143E+00   7.380475E+02   5.646873E+03   5.854301E-01
   3.130618E+00   7.374885E+02   5.633950E+03   5.848492E-01
   3.139116E+00   7.370506E+02   5.621154E+03   5.843148E-01
   3.147637E+00   7.367303E+02   5.608459E+03   5.838266E-01
   3.156181E+00   7.365237E+02   5.595839E+03   5.833842E-01
   3.164748E+00   7.364271E+02   5.583268E+03   5.829872E-01
   3.173338E+00   7.364365E+02   5.570721E+03   5.826351E-01
   3.181952E+00   7.365479E+02   5.558171E+03   5.823276E-01
   3.190589E+00   7.367573E+02   5.545594E+03   5.820639E-01
   3.199250E+00   7.370604E+02   5.532964E+03   5.818437E-01
   3.207934E+00   7.374530E+02   5.520257E+03   5.816662E-01
   3.216642E+00   7.379308E+02   5.507448E+03   5.815309E-01
   3.225373E+00   7.384893E+02   5.494512E+03   5.814371E-01
   3.234129E+00   7.391242E+02   5.481426E+03   5.813840E-01
   3.242907E+00   7.398308E+02   5.468166E+03   5.813709E-01
   3.251710E+00   7.406045E+02   5.454707E+03   5.813970E-01
   3.260537E+00   7.414407E+02   5.441029E+03   5.814614E-01
   3.269387E+00   7.422470E+02   5.426995E+03   5.815679E-01
   3.278262E+00   7.430773E+02   5.412654E+03   5.817128E-01
   3.287160E+00   7.439553E+02   5.398022E+03   5.818936E-01
   3.296083E+00   7.448761E+02   5.383077E+03   5.821093E-01
   3.305030E+00   7.458345E+02   5.367799E+03   5.823588E-01
   3.314001E+00   7.468253E+02   5.352168E+03   5.826411E-01
   3.322997E+00   7.478434E+02   5.336163E+03   5.829549E-01
   3.332017E+00   7.488834E+02   5.319768E+03   5.832992E-01
   3.341062E+00   7.499401E+02   5.302963E+03   5.836726E-01
   3.350131E+00   7.510082E+02   5.285732E+03   5.840739E-01
   3.359225E+00   7.520825E+02   5.268058E+03   5.845017E-01
   3.368343E+00   7.531574E+02   5.249928E+03   5.849547E-01
   3.377486E+00   7.542278E+02   5.231326E+03   5.854314E-01
   3.386654E+00   7.552884E+02   5.212239E+03   5.859304E-01
   3.395847E+00   7.563339E+02   5.192656E+03   5.864503E-01
   3.405065E+00   7.573189E+02   5.172437E+03   5.869940E-01
   3.414308E+00   7.582145E+02   5.151495E+03   5.875627E-01
   3.423576E+00   7.590781E+02   5.130019E+03   5.881475E-01
   3.432869E+00   7.599047E+02   5.108000E+03   5.887467E-01
   3.442187E+00   7.606891E+02   5.085432E+03   5.893586E-01
   3.451531E+00   7.614265E+02   5.062312E+03   5.899814E-01
   3.460899E+00   7.621119E+02   5.038636E+03   5.906133E-01
   3.470294E+00   7.627401E+02   5.014401E+03   5.912524E-01
   3.479714E+00   7.633077E+02   4.989607E+03   5.918968E-01
   3.489159E+00   7.638097E+02   4.964256E+03   5.925447E-01
   3.498630E+00   7.642418E+02   4.938348E+03   5.931940E-01
   3.508127E+00   7.645999E+02   4.911888E+03   5.938429E-01
   3.517650E+00   7.648802E+02   4.884880E+03   5.944892E-01
   3.527198E+00   7.650789E+02   4.857332E+03   5.951311E-01
   3.536773E+00   7.651926E+02   4.829251E+03   5.957665E-01
   3.546373E+00   7.652180E+02   4.800645E+03   5.963933E-01
   3.555999E+00   7.651521E+02   4.771526E+03   5.970095E-01
   3.565652E+00   7.649920E+02   4.741906E+03   5.976129E-01
   3.575331E+00   7.647353E+02   4.711796E+03   5.982016E-01
   3.585036E+00   7.643797E+02   4.681212E+03   5.987735E-01
   3.594767E+00   7.639230E+02   4.650168E+03   5.993264E-01
   3.604525E+00   7.633636E+02   4.618681E+03   5.998583E-01
   3.614309E+00   7.626999E+02   4.586769E+03   6.003671E-01
   3.624120E+00   7.619306E+02   4.554450E+03   6.008508E-01
   3.633957E+00   7.610548E+02   4.521742E+03   6.013074E-01
   3.643821E+00   7.600718E+02   4.488667E+03   6.017348E-01
   3.653712E+00   7.589402E+02   4.454749E+03   6.021409E-01
   3.663630E+00   7.576829E+02   4.420311E+03   6.025170E-01
   3.673575E+00   7.563159E+02   4.385571E+03   6.028571E-01
   3.683547E+00   7.548395E+02   4.350551E+03   6.031592E-01
   3.693545E+00   7.532543E+02   4.315276E+03   6.034216E-01
   3.703571E+00   7.515615E+02   4.279770E+03   6.036423E-01
   3.713624E+00   7.497620E+02   4.244057E+03   6.038196E-01
   3.723705E+00   7.478574E+02   4.208163E+03   6.039518E-01
   3.733812E+00   7.458493E+02   4.172112E+03   6.040371E-01
   3.743948E+00   7.437394E+02   4.135928E+03   6.040740E-01
   3.754110E+00   7.415300E+02   4.099637E+03   6.040610E-01
   3.764301E+00   7.392231E+02   4.063263E+03   6.039965E-01
   3.774519E+00   7.368212E+02   4.026830E+03   6.038791E-01
   3.784764E+00   7.343270E+02   3.990362E+03   6.037076E-01
   3.795038E+00   7.317431E+02   3.953883E+03   6.034807E-01
   3.805339E+00   7.290724E+02   3.917415E+03   6.031973E-01
   3.815669E+00   7.263179E+02   3.880981E+03   6.028562E-01
   3.826026E+00   7.234827E+02   3.844602E+03   6.024565E-01
   3.836412E+00   7.205700E+02   3.808301E+03   6.019973E-01
   3.846825E+00   7.175830E+02   3.772098E+03   6.014778E-01
   3.857267E+00   7.145253E+02   3.736013E+03   6.008973E-01
   3.867738E+00   7.114000E+02   3.700064E+03   6.002552E-01
   3.878236E+00   7.081886E+02   3.663976E+03   5.995516E-01
   3.888764E+00   7.048761E+02   3.627534E+03   5.987854E-01
   3.899319E+00   7.015063E+02   3.591298E+03   5.979548E-01
   3.909904E+00   6.980828E+02   3.555283E+03   5.970594E-01
   3.920517E+00   6.946093E+02   3.519505E+03   5.960991E-01
   3.931159E+00   6.910894E+02   3.483978E+03   5.950740E-01
   3.941830E+00   6.875268E+02   3.448715E+03   5.939841E-01
   3.952530E+00   6.839250E+02   3.413730E+03   5.928296E-01
   3.963259E+00   6.802877E+02   3.379034E+03   5.916106E-01
   3.974017E+00   6.766182E+02   3.344637E+03   5.903276E-01
   3.984804E+00   6.729199E+02   3.310551E+03   5.889810E-01
   3.995620E+00   6.691964E+02   3.276783E+03   5.875714E-01
   4.006466E+00   6.654507E+02   3.243342E+03   5.860992E-01
   4.017342E+00   6.616862E+02   3.210235E+03   5.845653E-01
   4.028246E+00   6.579059E+02   3.177468E+03   5.829705E-01
   4.039181E+00   6.541128E+02   3.145048E+03   5.813154E-01
   4.050145E+00   6.503098E+02   3.112979E+03   5.796011E-01
   4.061139E+00   6.464998E+02   3.081264E+03   5.778286E-01
   4.072162E+00   6.426855E+02   3.049908E+03   5.759989E-01
   4.083216E+00   6.388696E+02   3.018914E+03   5.741131E-01
   4.094300E+00   6.350545E+02   2.988282E+03   5.721724E-01
   4.105413E+00   6.312426E+02   2.958015E+03   5.701781E-01
   4.116557E+00   6.274363E+02   2.928113E+03   5.681313E-01
   4.127732E+00   6.236377E+02   2.898577E+03   5.660334E-01
   4.138936E+00   6.197430E+02   2.869004E+03   5.638755E-01
   4.150171E+00   6.157745E+02   2.839477E+03   5.616598E-01
   4.161436E+00   6.118227E+02   2.810332E+03   5.593960E-01
   4.172732E+00   6.078894E+02   2.781565E+03   5.570856E-01
   4.184059E+00   6.039763E+02   2.753176E+03   5.547302E-01
   4.195416E+00   6.000852E+02   2.725160E+03   5.523315E-01
   4.206804E+00   5.962174E+02   2.697515E+03   5.498909E-01
   4.218224E+00   5.923744E+02   2.670238E+03   5.474102E-01
   4.229674E+00   5.885575E+02   2.643324E+03   5.448909E-01
   4.241155E+00   5.847680E+02   2.616770E+03   5.423348E-01
   4.252667E+00   5.810070E+02   2.590570E+03   5.397433E-01
   4.264211E+00   5.772755E+02   2.564721E+03   5.371183E-01
   4.275786E+00   5.735744E+02   2.539218E+03   5.344612E-01
   4.287392E+00   5.699047E+02   2.514055E+03   5.317738E-01
   4.299030E+00   5.662671E+02   2.489228E+03   5.290577E-01
   4.310699E+00   5.626623E+02   2.464731E+03   5.263144E-01
   4.322401E+00   5.590910E+02   2.440560E+03   5.235456E-01
   4.334133E+00   5.555537E+02   2.416707E+03   5.207529E-01
   4.345898E+00   5.520508E+02   2.393169E+03   5.179378E-01
   4.357695E+00   5.485829E+02   2.369939E+03   5.151019E-01
   4.369523E+00   5.451502E+02   2.347012E+03   5.122467E-01
   4.381384E+00   5.417531E+02   2.324381E+03   5.093737E-01
   4.393277E+00   5.383918E+02   2.302042E+03   5.064843E-01
   4.405203E+00   5.350665E+02   2.279989E+03   5.035800E-01
   4.417160E+00   5.317773E+02   2.258216E+03   5.006623E-01
   4.429150E+00   5.285257E+02   2.236632E+03   4.977287E-01
   4.441173E+00   5.253242E+02   2.214520E+03   4.947490E-01
   4.453228E+00   5.221609E+02   2.192694E+03   4.917598E-01
   4.465316E+00   5.190357E+02   2.171146E+03   4.887624E-01
   4.477437E+00   5.159484E+02   2.149872E+03   4.857581E-01
   4.489591E+00   5.128990E+02   2.128864E+03   4.827482E-01
   4.501778E+00   5.098871E+02   2.108118E+03   4.797340E-01
   4.513997E+00   5.069127E+02   2.087627E+03   4.767167E-01
   4.526250E+00   5.039755E+02   2.067385E+03   4.736974E-01
   4.538537E+00   5.010751E+02   2.047387E+03   4.706773E-01
   4.550856E+00   4.982113E+02   2.027628E+03   4.676574E-01
   4.563209E+00   4.953838E+02   2.008102E+03   4.646388E-01
   4.575596E+00   4.925921E+02   1.988804E+03   4.616225E-01
   4.588016E+00   4.898361E+02   1.969729E+03   4.586094E-01
   4.600470E+00   4.871152E+02   1.950871E+03   4.556006E-01
   4.612957E+00   4.844291E+02   1.932226E+03   4.525969E-01
   4.625479E+00   4.817773E+02   1.913790E+03   4.495992E-01
   4.638035E+00   4.791595E+02   1.895557E+03   4.466082E-01
   4.650624E+00   4.765752E+02   1.877522E+03   4.436248E-01
   4.663248E+00   4.740239E+02   1.859682E+03   4.406498E-01
   4.675906E+00   4.715052E+02   1.842033E+03   4.376838E-01
   4.688599E+00   4.690187E+02   1.824569E+03   4.347275E-01
   4.701326E+00   4.665638E+02   1.807288E+03   4.317817E-01
   4.714087E+00   4.641402E+02   1.790185E+03   4.288468E-01
   4.726883E+00   4.617472E+02   1.773256E+03   4.259235E-01
   4.739714E+00   4.593845E+02   1.756498E+03   4.230124E-01
   4.752580E+00   4.570516E+02   1.739907E+03   4.201139E-01
   4.765480E+00   4.547479E+02   1.723480E+03   4.172286E-01
   4.778416E+00   4.525300E+02   1.706629E+03   4.143262E-01
   4.791387E+00   4.503596E+02   1.689763E+03   4.114287E-01
   4.804392E+00   4.482181E+02   1.673067E+03   4.085463E-01
   4.817434E+00   4.461048E+02   1.656537E+03   4.056796E-01
   4.830510E+00   4.440193E+02   1.640172E+03   4.028289E-01
   4.843622E+00   4.419611E+02   1.623966E+03   3.999945E-01
   4.856770E+00   4.399296E+02   1.607919E+03   3.971768E-01
   4.869954E+00   4.379244E+02   1.592025E+03   3.943760E-01
   4.883173E+00   4.359448E+02   1.576284E+03   3.915925E-01
   4.896428E+00   4.339905E+02   1.560691E+03   3.888264E-01
   4.909719E+00   4.320608E+02   1.545245E+03   3.860781E-01
   4.923046E+00   4.301553E+02   1.529942E+03   3.833477E-01
   4.936409E+00   4.282736E+02   1.514781E+03   3.806354E-01
   4.949809E+00   4.264151E+02   1.499759E+03   3.779414E-01
   4.963245E+00   4.245794E+02   1.484874E+03   3.752659E-01
   4.976717E+00   4.227659E+02   1.470124E+03   3.726089E-01
   4.990226E+00   4.209743E+02   1.455507E+03   3.699706E-01
   5.003772E+00   4.192283E+02   1.440892E+03   3.673446E-01
   5.017354E+00   4.175537E+02   1.426146E+03   3.647241E-01
   5.030974E+00   4.158998E+02   1.411535E+03   3.621230E-01
   5.044630E+00   4.142661E+02   1.397057E+03   3.595415E-01
   5.058323E+00   4.126513E+02   1.382710E+03   3.569794E-01
   5.072054E+00   4.110568E+02   1.368493E+03   3.544368E-01
   5.085822E+00   4.094812E+02   1.354403E+03   3.519139E-01
   5.099627E+00   4.079241E+02   1.340440E+03   3.494105E-01
   5.113469E+00   4.063851E+02   1.326601E+03   3.469266E-01
   5.127350E+00   4.048638E+02   1.312885E+03   3.444623E-01
   5.141267E+00   4.033598E+02   1.299291E+03   3.420175E-01
   5.155223E+00   4.018727E+02   1.285817E+03   3.395922E-01
   5.169217E+00   4.004381E+02   1.272321E+03   3.371794E-01
   5.183248E+00   3.991403E+02   1.258481E+03   3.347632E-01
   5.197318E+00   3.978583E+02   1.244769E+03   3.323670E-01
   5.211425E+00   3.965918E+02   1.231185E+03   3.299908E-01
   5.225572E+00   3.953405E+02   1.217728E+03   3.276345E-01
   5.239756E+00   3.941040E+02   1.204395E+03   3.252980E-01
   5.253979E+00   3.928819E+02   1.191185E+03   3.229812E-01
   5.268241E+00   3.916739E+02   1.178099E+03   3.206840E-01
   5.282541E+00   3.904797E+02   1.165133E+03   3.184063E-01
   5.296880E+00   3.892989E+02   1.152287E+03   3.161480E-01
   5.311258E+00   3.881312E+02   1.139560E+03   3.139089E-01
   5.325675E+00   3.869764E+02   1.126951E+03   3.116889E-01
   5.340131E+00   3.858342E+02   1.114459E+03   3.094879E-01
   5.354627E+00   3.847041E+02   1.102083E+03   3.073058E-01
   5.369162E+00   3.835860E+02   1.089821E+03   3.051424E-01
   5.383736E+00   3.824796E+02   1.077673E+03   3.029976E-01
   5.398350E+00   3.813846E+02   1.065638E+03   3.008712E-01
   5.413003E+00   3.803007E+02   1.053716E+03   2.987632E-01
   5.427697E+00   3.792277E+02   1.041904E+03   2.966733E-01
   5.442430E+00   3.781653E+02   1.030202E+03   2.946014E-01
   5.457203E+00   3.771133E+02   1.018610E+03   2.925474E-01
   5.472016E+00   3.760715E+02   1.007127E+03   2.905111E-01
   5.486870E+00   3.750397E+02   9.957512E+02   2.884924E-01
   5.501763E+00   3.740175E+02   9.844824E+02   2.864910E-01
   5.516698E+00   3.730622E+02   9.731145E+02   2.844970E-01
   5.531672E+00   3.721949E+02   9.615776E+02   2.825068E-01
   5.546688E+00   3.713369E+02   9.501560E+02   2.805342E-01
   5.561744E+00   3.704877E+02   9.388488E+02   2.785789E-01
   5.576841E+00   3.696473E+02   9.276551E+02   2.766408E-01
   5.591979E+00   3.688154E+02   9.165740E+02   2.747198E-01
   5.607158E+00   3.679919E+02   9.056047E+02   2.728155E-01
   5.622378E+00   3.671765E+02   8.947464E+02   2.709280E-01
   5.637640E+00   3.663841E+02   8.839395E+02   2.690540E-01
   5.652943E+00   3.656998E+02   8.728588E+02   2.671778E-01
   5.668287E+00   3.650234E+02   8.618967E+02   2.653182E-01
   5.683674E+00   3.643545E+02   8.510522E+02   2.634752E-01
   5.699102E+00   3.636931E+02   8.403245E+02   2.616486E-01
   5.714571E+00   3.630390E+02   8.297127E+02   2.598381E-01
   5.730083E+00   3.623920E+02   8.192157E+02   2.580436E-01
   5.745637E+00   3.617520E+02   8.088327E+02   2.562649E-01
   5.761233E+00   3.611188E+02   7.985628E+02   2.545019E-01
   5.776872E+00   3.604922E+02   7.884051E+02   2.527544E-01
   5.792553E+00   3.598722E+02   7.783587E+02   2.510222E-01
   5.808276E+00   3.592585E+02   7.684226E+02   2.493051E-01
   5.824043E+00   3.586511E+02   7.585961E+02   2.476029E-01
   5.839852E+00   3.580498E+02   7.488782E+02   2.459156E-01
   5.855704E+00   3.574545E+02   7.392680E+02   2.442429E-01
   5.871598E+00   3.568651E+02   7.297647E+02   2.425847E-01
   5.887537E+00   3.562814E+02   7.203674E+02   2.409407E-01
   5.903518E+00   3.557033E+02   7.110753E+02   2.393110E-01
   5.919543E+00   3.552126E+02   7.014202E+02   2.376715E-01
   5.935611E+00   3.547301E+02   6.918655E+02   2.360458E-01
   5.951723E+00   3.542534E+02   6.824248E+02   2.344342E-01
   5.967878E+00   3.537823E+02   6.730972E+02   2.328368E-01
   5.984078E+00   3.533167E+02   6.638816E+02   2.312533E-01
   6.000321E+00   3.528564E+02   6.547771E+02   2.296835E-01
   6.016609E+00   3.524014E+02   6.457825E+02   2.281274E-01
   6.032940E+00   3.519516E+02   6.368969E+02   2.265846E-01
   6.049316E+00   3.515068E+02   6.281193E+02   2.250552E-01
   6.065737E+00   3.510671E+02   6.194486E+02   2.235388E-01
   6.082202E+00   3.506322E+02   6.108840E+02   2.220354E-01
   6.098712E+00   3.502021E+02   6.024243E+02   2.205448E-01
   6.115266E+00   3.497768E+02   5.940686E+02   2.190669E-01
   6.131866E+00   3.493561E+02   5.858159E+02   2.176015E-01
   6.148510E+00   3.489400E+02   5.776653E+02   2.161484E-01
   6.165200E+00   3.485283E+02   5.696157E+02   2.147076E-01
   6.181935E+00   3.481211E+02   5.616661E+02   2.132789E-01
   6.198716E+00   3.477182E+02   5.538157E+02   2.118620E-01
   6.215542E+00   3.471329E+02   5.455837E+02   2.104288E-01
   6.232413E+00   3.465473E+02   5.374468E+02   2.090070E-01
   6.249331E+00   3.459670E+02   5.294184E+02   2.075974E-01
   6.266294E+00   3.453919E+02   5.214973E+02   2.061998E-01
   6.283304E+00   3.448219E+02   5.136824E+02   2.048142E-01
   6.300359E+00   3.442568E+02   5.059725E+02   2.034403E-01
   6.317461E+00   3.436967E+02   4.983664E+02   2.020780E-01
   6.334610E+00   3.431414E+02   4.908631E+02   2.007272E-01
   6.351805E+00   3.425909E+02   4.834614E+02   1.993878E-01
   6.369046E+00   3.419263E+02   4.759265E+02   1.980454E-01
   6.386335E+00   3.411979E+02   4.683625E+02   1.967063E-01
   6.403670E+00   3.404751E+02   4.609065E+02   1.953786E-01
   6.421052E+00   3.397579E+02   4.535571E+02   1.940623E-01
   6.438482E+00   3.390462E+02   4.463131E+02   1.927571E-01
   6.455959E+00   3.383399E+02   4.391733E+02   1.914630E-01
   6.473483E+00   3.376390E+02   4.321363E+02   1.901798E-01
   6.491055E+00   3.369434E+02   4.252011E+02   1.889074E-01
   6.508674E+00   3.362530E+02   4.183663E+02   1.876456E-01
   6.526342E+00   3.355600E+02   4.116061E+02   1.863929E-01
   6.544057E+00   3.347248E+02   4.044744E+02   1.851229E-01
   6.561821E+00   3.338959E+02   3.974535E+02   1.838639E-01
   6.579632E+00   3.330731E+02   3.905420E+02   1.826157E-01
   6.597492E+00   3.322563E+02   3.837385E+02   1.813782E-01
   6.615401E+00   3.314456E+02   3.770416E+02   1.801513E-01
   6.633358E+00   3.306408E+02   3.704498E+02   1.789348E-01
   6.651364E+00   3.298418E+02   3.639617E+02   1.777286E-01
   6.669418E+00   3.290485E+02   3.575759E+02   1.765326E-01
   6.687522E+00   3.282609E+02   3.512911E+02   1.753466E-01
   6.705675E+00   3.274501E+02   3.449653E+02   1.741622E-01
   6.723877E+00   3.265379E+02   3.382248E+02   1.729572E-01
   6.742129E+00   3.256325E+02   3.316015E+02   1.717629E-01
   6.760430E+00   3.247338E+02   3.250936E+02   1.705791E-01
   6.778781E+00   3.238419E+02   3.186994E+02   1.694056E-01
   6.797181E+00   3.229565E+02   3.124171E+02   1.682424E-01
   6.815632E+00   3.220776E+02   3.062451E+02   1.670893E-01
   6.834132E+00   3.212050E+02   3.001817E+02   1.659462E-01
   6.852683E+00   3.203388E+02   2.942253E+02   1.648129E-01
   6.871284E+00   3.194788E+02   2.883742E+02   1.636893E-01
   6.889936E+00   3.186248E+02   2.826268E+02   1.625754E-01
   6.908638E+00   3.177770E+02   2.769815E+02   1.614709E-01
   6.927391E+00   3.171688E+02   2.707084E+02   1.603338E-01
   6.946195E+00   3.166006E+02   2.644549E+02   1.592010E-01
   6.965050E+00   3.160379E+02   2.583276E+02   1.580785E-01
   6.983957E+00   3.154805E+02   2.523244E+02   1.569663E-01
   7.002914E+00   3.149285E+02   2.464430E+02   1.558642E-01
   7.021923E+00   3.143818E+02   2.406815E+02   1.547719E-01
   7.040984E+00   3.138401E+02   2.350375E+02   1.536895E-01
   7.060096E+00   3.133036E+02   2.295091E+02   1.526168E-01
   7.079260E+00   3.127719E+02   2.240943E+02   1.515536E-01
   7.098476E+00   3.131438E+02   2.181475E+02   1.504650E-01
   7.117745E+00   3.138864E+02   2.120820E+02   1.493728E-01
   7.137066E+00   3.146355E+02   2.061612E+02   1.482912E-01
   7.156439E+00   3.153910E+02   2.003823E+02   1.472200E-01
   7.175864E+00   3.161528E+02   1.947424E+02   1.461590E-01
   7.195343E+00   3.169210E+02   1.892387E+02   1.451082E-01
   7.214874E+00   3.176954E+02   1.838684E+02   1.440674E-01
   7.234458E+00   3.184761E+02   1.786287E+02   1.430364E-01
   7.254096E+00   3.192629E+02   1.735171E+02   1.420150E-01
   7.273787E+00   3.200558E+02   1.685307E+02   1.410032E-01
   7.293531E+00   3.209168E+02   1.636454E+02   1.399996E-01
   7.313329E+00   3.252089E+02   1.577224E+02   1.389432E-01
   7.333180E+00   3.295618E+02   1.519833E+02   1.378983E-01
   7.353086E+00   3.339762E+02   1.464239E+02   1.368648E-01
   7.373045E+00   3.384528E+02   1.410398E+02   1.358425E-01
   7.393059E+00   3.429924E+02   1.358269E+02   1.348312E-01
   7.413127E+00   3.475958E+02   1.307811E+02   1.338306E-01
   7.433250E+00   3.522638E+02   1.258984E+02   1.328407E-01
   7.453427E+00   3.569972E+02   1.211749E+02   1.318611E-01
   7.473658E+00   3.617968E+02   1.166067E+02   1.308918E-01
   7.493945E+00   3.666635E+02   1.121901E+02   1.299326E-01
   7.514287E+00   3.716302E+02   1.079179E+02   1.289830E-01
   7.534684E+00   3.829887E+02   1.031346E+02   1.280120E-01
   7.555137E+00   3.946888E+02   9.856252E+01   1.270529E-01
   7.575645E+00   4.067403E+02   9.419738E+01   1.261054E-01
   7.596208E+00   4.191531E+02   9.003506E+01   1.251695E-01
   7.616828E+00   4.319377E+02   8.607162E+01   1.242447E-01
   7.637503E+00   4.451047E+02   8.230330E+01   1.233309E-01
   7.658235E+00   4.586650E+02   7.872651E+01   1.224277E-01
   7.679022E+00   4.726299E+02   7.533788E+01   1.215350E-01
   7.699867E+00   4.870108E+02   7.213421E+01   1.206526E-01
   7.720767E+00   5.018198E+02   6.911250E+01   1.197801E-01
   7.741725E+00   5.170689E+02   6.626994E+01   1.189174E-01
   7.762739E+00   5.353466E+02   6.352349E+01   1.180570E-01
   7.783811E+00   5.556612E+02   6.094582E+01   1.172030E-01
   7.804940E+00   5.767339E+02   5.858627E+01   1.163591E-01
   7.826126E+00   5.985823E+02   5.644429E+01   1.155249E-01
   7.847369E+00   6.212336E+02   5.451979E+01   1.147001E-01
   7.868670E+00   6.447163E+02   5.281312E+01   1.138845E-01
   7.890029E+00   6.690598E+02   5.132517E+01   1.130776E-01
   7.911446E+00   6.942946E+02   5.005733E+01   1.122792E-01
   7.932921E+00   7.204524E+02   4.901158E+01   1.114888E-01
   7.954455E+00   7.475662E+02   4.819051E+01   1.107061E-01
   7.976047E+00   7.756701E+02   4.759733E+01   1.099307E-01
   7.997697E+00   8.047998E+02   4.723595E+01   1.091622E-01
   8.019407E+00   8.336649E+02   4.751199E+01   1.084592E-01
   8.041175E+00   8.634581E+02   4.799576E+01   1.077639E-01
   8.063002E+00   8.942945E+02   4.866747E+01   1.070720E-01
   8.084888E+00   9.262112E+02   4.953476E+01   1.063832E-01
   8.106834E+00   9.592466E+02   5.060609E+01   1.056972E-01
   8.128840E+00   9.934408E+02   5.189072E+01   1.050135E-01
   8.150905E+00   1.028836E+03   5.339883E+01   1.043316E-01
   8.173030E+00   1.065475E+03   5.514161E+01   1.036510E-01
   8.195215E+00   1.103405E+03   5.713133E+01   1.029713E-01
   8.217461E+00   1.142674E+03   5.938143E+01   1.022919E-01
   8.239767E+00   1.183331E+03   6.190665E+01   1.016123E-01
   8.262133E+00   1.225431E+03   6.472318E+01   1.009317E-01
   8.284560E+00   1.258403E+03   6.719111E+01   1.003094E-01
   8.307048E+00   1.290285E+03   6.969913E+01   9.969721E-02
   8.329597E+00   1.322988E+03   7.236159E+01   9.908392E-02
   8.352207E+00   1.356536E+03   7.518633E+01   9.846922E-02
   8.374879E+00   1.390954E+03   7.818170E+01   9.785278E-02
   8.397612E+00   1.418663E+03   8.058412E+01   9.724511E-02
   8.420407E+00   1.446027E+03   8.300305E+01   9.663832E-02
   8.443263E+00   1.473946E+03   8.553035E+01   9.603105E-02
   8.466182E+00   1.502432E+03   8.817037E+01   9.542311E-02
   8.489163E+00   1.531501E+03   9.092770E+01   9.481430E-02
   8.512206E+00   1.557361E+03   9.327353E+01   9.419060E-02
   8.535312E+00   1.583143E+03   9.564043E+01   9.356511E-02
   8.558481E+00   1.609394E+03   9.810628E+01   9.293978E-02
   8.581712E+00   1.636126E+03   1.006744E+02   9.231445E-02
   8.605007E+00   1.663349E+03   1.033481E+02   9.168897E-02
   8.628364E+00   1.691775E+03   1.061551E+02   9.104835E-02
   8.651786E+00   1.720941E+03   1.090939E+02   9.040343E-02
   8.675270E+00   1.750674E+03   1.121636E+02   8.975809E-02
   8.698819E+00   1.780990E+03   1.153691E+02   8.911215E-02
   8.722431E+00   1.811905E+03   1.187152E+02   8.846542E-02
   8.746108E+00   1.845430E+03   1.224991E+02   8.781772E-02
   8.769848E+00   1.880876E+03   1.266336E+02   8.716786E-02
   8.793654E+00   1.917095E+03   1.309585E+02   8.651530E-02
   8.817524E+00   1.954111E+03   1.354823E+02   8.585976E-02
   8.841458E+00   1.991946E+03   1.402142E+02   8.520094E-02
   8.865458E+00   2.031273E+03   1.453124E+02   8.454980E-02
   8.889522E+00   2.072494E+03   1.508756E+02   8.391098E-02
   8.913653E+00   2.114651E+03   1.566905E+02   8.326625E-02
   8.937848E+00   2.157769E+03   1.627703E+02   8.261520E-02
   8.962109E+00   2.201875E+03   1.691289E+02   8.195738E-02
   8.986436E+00   2.246818E+03   1.757689E+02   8.129740E-02
   9.010830E+00   2.290785E+03   1.825673E+02   8.068332E-02
   9.035289E+00   2.335636E+03   1.896517E+02   8.006092E-02
   9.059815E+00   2.381387E+03   1.970358E+02   7.942975E-02
   9.084407E+00   2.428052E+03   2.047342E+02   7.878929E-02
   9.109066E+00   2.475648E+03   2.127621E+02   7.813903E-02
   9.133792E+00   2.519087E+03   2.203840E+02   7.754000E-02
   9.158585E+00   2.560925E+03   2.279575E+02   7.695908E-02
   9.183446E+00   2.603273E+03   2.357979E+02   7.637002E-02
   9.208373E+00   2.646122E+03   2.439133E+02   7.577241E-02
   9.233369E+00   2.689463E+03   2.523124E+02   7.516588E-02
   9.258432E+00   2.730641E+03   2.605369E+02   7.457434E-02
   9.283564E+00   2.763388E+03   2.674620E+02   7.405584E-02
   9.308764E+00   2.796101E+03   2.745610E+02   7.353316E-02
   9.334032E+00   2.828756E+03   2.818344E+02   7.300610E-02
   9.359368E+00   2.861329E+03   2.892825E+02   7.247450E-02
   9.384774E+00   2.893792E+03   2.969052E+02   7.193815E-02
   9.410248E+00   2.917440E+03   3.029223E+02   7.146862E-02
   9.435792E+00   2.936752E+03   3.082201E+02   7.103157E-02
   9.461404E+00   2.955613E+03   3.135893E+02   7.059528E-02
   9.487087E+00   2.974002E+03   3.190264E+02   7.015969E-02
   9.512839E+00   2.991901E+03   3.245280E+02   6.972477E-02
   9.538661E+00   3.008724E+03   3.299532E+02   6.929464E-02
   9.564553E+00   3.015347E+03   3.330721E+02   6.893828E-02
   9.590516E+00   3.021432E+03   3.362039E+02   6.858588E-02
   9.616548E+00   3.026971E+03   3.393460E+02   6.823743E-02
   9.642652E+00   3.031958E+03   3.424953E+02   6.789293E-02
   9.668826E+00   3.035559E+03   3.453997E+02   6.755738E-02
   9.695072E+00   3.034644E+03   3.470258E+02   6.724776E-02
   9.721388E+00   3.031968E+03   3.481013E+02   6.694547E-02
   9.747777E+00   3.028884E+03   3.491683E+02   6.664770E-02
   9.774236E+00   3.025393E+03   3.502254E+02   6.635445E-02
   9.800768E+00   3.021496E+03   3.512715E+02   6.606569E-02
   9.827371E+00   3.017192E+03   3.523052E+02   6.578141E-02
   9.854047E+00   3.012588E+03   3.529958E+02   6.548906E-02
   9.880795E+00   3.007752E+03   3.533741E+02   6.518929E-02
   9.907616E+00   3.002616E+03   3.537355E+02   6.489320E-02
   9.934510E+00   2.997183E+03   3.540794E+02   6.460076E-02
   9.961476E+00   2.991454E+03   3.544052E+02   6.431195E-02
   9.988516E+00   2.985429E+03   3.547121E+02   6.402676E-02
   1.001563E+01   2.980596E+03   3.552180E+02   6.372626E-02
   1.004282E+01   2.976374E+03   3.558321E+02   6.341750E-02
   1.007008E+01   2.971870E+03   3.564214E+02   6.311173E-02
   1.009741E+01   2.967084E+03   3.569851E+02   6.280895E-02
   1.012482E+01   2.962017E+03   3.575227E+02   6.250912E-02
   1.015230E+01   2.956671E+03   3.580335E+02   6.221223E-02
   1.017986E+01   2.950885E+03   3.588482E+02   6.192889E-02
   1.020749E+01   2.944665E+03   3.598309E+02   6.165512E-02
   1.023520E+01   2.938098E+03   3.607817E+02   6.138456E-02
   1.026298E+01   2.931187E+03   3.616997E+02   6.111718E-02
   1.029084E+01   2.923934E+03   3.625841E+02   6.085296E-02
   1.031878E+01   2.916343E+03   3.634340E+02   6.059187E-02
   1.034679E+01   2.904107E+03   3.636731E+02   6.039495E-02
   1.037487E+01   2.887697E+03   3.633800E+02   6.025765E-02
   1.040303E+01   2.870984E+03   3.630750E+02   6.012584E-02
   1.043127E+01   2.853977E+03   3.627575E+02   5.999952E-02
   1.045959E+01   2.836687E+03   3.624268E+02   5.987868E-02
   1.048798E+01   2.819122E+03   3.620825E+02   5.976332E-02
   1.051645E+01   2.798612E+03   3.609619E+02   5.968703E-02
   1.054499E+01   2.772476E+03   3.583085E+02   5.968551E-02
   1.057362E+01   2.746299E+03   3.557107E+02   5.968986E-02
   1.060232E+01   2.720088E+03   3.531674E+02   5.970009E-02
   1.063110E+01   2.693851E+03   3.506773E+02   5.971622E-02
   1.065996E+01   2.667596E+03   3.482390E+02   5.973827E-02
   1.068889E+01   2.641329E+03   3.458227E+02   5.976572E-02
   1.071791E+01   2.615034E+03   3.421390E+02   5.977236E-02
   1.074700E+01   2.588824E+03   3.385332E+02   5.978239E-02
   1.077617E+01   2.562703E+03   3.350036E+02   5.979581E-02
   1.080542E+01   2.536676E+03   3.315485E+02   5.981262E-02
   1.083475E+01   2.510744E+03   3.281663E+02   5.983282E-02
   1.086416E+01   2.484912E+03   3.248552E+02   5.985643E-02
   1.089365E+01   2.460827E+03   3.216009E+02   5.985005E-02
   1.092322E+01   2.437900E+03   3.183969E+02   5.982467E-02
   1.095287E+01   2.415057E+03   3.152480E+02   5.980187E-02
   1.098261E+01   2.392300E+03   3.121531E+02   5.978166E-02
   1.101242E+01   2.369632E+03   3.091112E+02   5.976403E-02
   1.104231E+01   2.347055E+03   3.061212E+02   5.974897E-02
   1.107228E+01   2.324453E+03   3.031462E+02   5.973788E-02
   1.110234E+01   2.300524E+03   2.997964E+02   5.974610E-02
   1.113247E+01   2.276725E+03   2.965130E+02   5.975632E-02
   1.116269E+01   2.253059E+03   2.932944E+02   5.976854E-02
   1.119299E+01   2.229526E+03   2.901393E+02   5.978275E-02
   1.122338E+01   2.206130E+03   2.870460E+02   5.979896E-02
   1.125384E+01   2.182870E+03   2.840132E+02   5.981716E-02
   1.128439E+01   2.159866E+03   2.808228E+02   5.982628E-02
   1.131502E+01   2.137164E+03   2.774104E+02   5.982184E-02
   1.134573E+01   2.114612E+03   2.740663E+02   5.981822E-02
   1.137653E+01   2.092210E+03   2.707887E+02   5.981542E-02
   1.140741E+01   2.069960E+03   2.675762E+02   5.981344E-02
   1.143838E+01   2.047862E+03   2.644272E+02   5.981229E-02
   1.146943E+01   2.025917E+03   2.613404E+02   5.981196E-02
   1.150056E+01   2.004934E+03   2.583261E+02   5.979431E-02
   1.153178E+01   1.984506E+03   2.553733E+02   5.976808E-02
   1.156308E+01   1.964215E+03   2.524735E+02   5.974259E-02
   1.159447E+01   1.944062E+03   2.496258E+02   5.971783E-02
   1.162594E+01   1.924047E+03   2.468289E+02   5.969381E-02
   1.165750E+01   1.904170E+03   2.440817E+02   5.967053E-02
   1.168914E+01   1.884432E+03   2.413832E+02   5.964797E-02
   1.172087E+01   1.862631E+03   2.384760E+02   5.966335E-02
   1.175268E+01   1.840337E+03   2.355536E+02   5.969035E-02
   1.178459E+01   1.818233E+03   2.326953E+02   5.971746E-02
   1.181658E+01   1.796319E+03   2.298996E+02   5.974470E-02
   1.184865E+01   1.774596E+03   2.271647E+02   5.977206E-02
   1.188081E+01   1.753062E+03   2.244889E+02   5.979956E-02
   1.191306E+01   1.731720E+03   2.218708E+02   5.982722E-02
   1.194540E+01   1.709254E+03   2.187841E+02   5.984738E-02
   1.197783E+01   1.686544E+03   2.155888E+02   5.986306E-02
   1.201034E+01   1.664063E+03   2.124729E+02   5.987675E-02
   1.204294E+01   1.641810E+03   2.094341E+02   5.988849E-02
   1.207563E+01   1.619785E+03   2.064701E+02   5.989834E-02
   1.210841E+01   1.597987E+03   2.035788E+02   5.990633E-02
   1.214128E+01   1.576417E+03   2.007579E+02   5.991252E-02
   1.217423E+01   1.555800E+03   1.978496E+02   5.988383E-02
   1.220728E+01   1.535930E+03   1.948944E+02   5.982843E-02
   1.224041E+01   1.516259E+03   1.920067E+02   5.977077E-02
   1.227364E+01   1.496790E+03   1.891845E+02   5.971091E-02
   1.230696E+01   1.477915E+03   1.864044E+02   5.963681E-02
   1.234036E+01   1.459257E+03   1.836842E+02   5.955988E-02
   1.237386E+01   1.440790E+03   1.810237E+02   5.948095E-02
   1.240745E+01   1.422192E+03   1.783681E+02   5.940170E-02
   1.244113E+01   1.402930E+03   1.756303E+02   5.932446E-02
   1.247490E+01   1.383881E+03   1.729570E+02   5.924458E-02
   1.250876E+01   1.365043E+03   1.703463E+02   5.916213E-02
   1.254271E+01   1.346417E+03   1.677963E+02   5.907721E-02
   1.257676E+01   1.328001E+03   1.653053E+02   5.898987E-02
   1.261090E+01   1.309794E+03   1.628717E+02   5.890020E-02
   1.264513E+01   1.291795E+03   1.604938E+02   5.880825E-02
   1.267946E+01   1.273134E+03   1.578167E+02   5.868485E-02
   1.271387E+01   1.254504E+03   1.551271E+02   5.855151E-02
   1.274838E+01   1.236103E+03   1.525040E+02   5.841480E-02
   1.278299E+01   1.217930E+03   1.499454E+02   5.827487E-02
   1.281769E+01   1.199983E+03   1.474494E+02   5.813184E-02
   1.285248E+01   1.182261E+03   1.450141E+02   5.798582E-02
   1.288737E+01   1.164763E+03   1.426377E+02   5.783693E-02
   1.292235E+01   1.147776E+03   1.402678E+02   5.767070E-02
   1.295743E+01   1.132073E+03   1.377645E+02   5.744712E-02
   1.299260E+01   1.116558E+03   1.353180E+02   5.722142E-02
   1.302787E+01   1.101229E+03   1.329268E+02   5.699372E-02
   1.306323E+01   1.086085E+03   1.305895E+02   5.676414E-02
   1.309869E+01   1.071125E+03   1.283045E+02   5.653278E-02
   1.313424E+01   1.056348E+03   1.260706E+02   5.629975E-02
   1.316990E+01   1.041753E+03   1.238862E+02   5.606516E-02
   1.320565E+01   1.027323E+03   1.216720E+02   5.581497E-02
   1.324149E+01   1.013052E+03   1.194105E+02   5.554566E-02
   1.327743E+01   9.989588E+02   1.171998E+02   5.527512E-02
   1.331348E+01   9.850422E+02   1.150387E+02   5.500346E-02
   1.334961E+01   9.713009E+02   1.129257E+02   5.473080E-02
   1.338585E+01   9.577336E+02   1.108597E+02   5.445723E-02
   1.342219E+01   9.443390E+02   1.088393E+02   5.418285E-02
   1.345862E+01   9.311155E+02   1.068634E+02   5.390776E-02
   1.349515E+01   9.186046E+02   1.047803E+02   5.359148E-02
   1.353178E+01   9.067629E+02   1.025995E+02   5.323652E-02
   1.356852E+01   8.950605E+02   1.004663E+02   5.288228E-02
   1.360535E+01   8.834962E+02   9.837971E+01   5.252885E-02
   1.364228E+01   8.720690E+02   9.633850E+01   5.217630E-02
   1.367931E+01   8.607777E+02   9.434163E+01   5.182471E-02
   1.371644E+01   8.496211E+02   9.238807E+01   5.147415E-02
   1.375367E+01   8.385982E+02   9.047678E+01   5.112469E-02
   1.379101E+01   8.294838E+02   8.856972E+01   5.074080E-02
   1.382844E+01   8.230883E+02   8.664604E+01   5.030707E-02
   1.386598E+01   8.167397E+02   8.475953E+01   4.987737E-02
   1.390362E+01   8.104375E+02   8.290954E+01   4.945167E-02
   1.394136E+01   8.041810E+02   8.109542E+01   4.902993E-02
   1.397920E+01   7.979696E+02   7.931654E+01   4.861214E-02
   1.401714E+01   7.918029E+02   7.757229E+01   4.819825E-02
   1.405519E+01   7.856801E+02   7.586206E+01   4.778826E-02
   1.409334E+01   7.802023E+02   7.419979E+01   4.737725E-02
   1.413160E+01   7.795443E+02   7.268384E+01   4.693213E-02
   1.416996E+01   7.788893E+02   7.119560E+01   4.649231E-02
   1.420842E+01   7.782369E+02   6.973464E+01   4.605771E-02
   1.424699E+01   7.775866E+02   6.830050E+01   4.562825E-02
   1.428566E+01   7.769379E+02   6.689275E+01   4.520386E-02
   1.432444E+01   7.762906E+02   6.551095E+01   4.478448E-02
   1.436332E+01   7.756441E+02   6.415469E+01   4.437001E-02
   1.440231E+01   7.749981E+02   6.282354E+01   4.396041E-02
   1.444141E+01   7.767798E+02   6.165059E+01   4.355586E-02
   1.448061E+01   7.799966E+02   6.057743E+01   4.315594E-02
   1.451991E+01   7.832294E+02   5.952487E+01   4.276038E-02
   1.455933E+01   7.864781E+02   5.849256E+01   4.236911E-02
   1.459885E+01   7.897426E+02   5.748016E+01   4.198207E-02
   1.463848E+01   7.930227E+02   5.648732E+01   4.159921E-02
   1.467821E+01   7.963182E+02   5.551370E+01   4.122048E-02
   1.471805E+01   7.996291E+02   5.455896E+01   4.084581E-02
   1.475800E+01   8.029551E+02   5.362279E+01   4.047515E-02
   1.479806E+01   8.072368E+02   5.283237E+01   4.012584E-02
   1.483823E+01   8.115937E+02   5.206419E+01   3.978068E-02
   1.487851E+01   8.159767E+02   5.131122E+01   3.943869E-02
   1.491890E+01   8.203860E+02   5.057321E+01   3.909984E-02
   1.495939E+01   8.248215E+02   4.984992E+01   3.876408E-02
   1.500000E+01   8.292860E+02   4.914172E+01   3.843150E-02
